EventID,TrackID,ParentID,Particle,KineticEnergy(MeV),Volume,DetectorID,
341,1,0,e-,0.972534,Target,-1
341,1,0,e-,0.938691,Target,-1
341,1,0,e-,0.911995,Target,-1
341,1,0,e-,0.89268,Target,-1
341,1,0,e-,0.89268,Detector,1
341,2,1,gamma,0,Target,-1
341,3,2,e-,0,Target,-1
342,1,0,e-,0.944799,Target,-1
342,1,0,e-,0.916355,Target,-1
342,1,0,e-,0.884298,Target,-1
342,1,0,e-,0.884298,Detector,1
343,1,0,e-,0.95876,Target,-1
343,1,0,e-,0.943118,Target,-1
343,1,0,e-,0.916318,Target,-1
343,1,0,e-,0.895686,Target,-1
343,1,0,e-,0.895686,Detector,1
344,1,0,e-,0.960973,Target,-1
344,1,0,e-,0.912709,Target,-1
344,1,0,e-,0.87522,Target,-1
344,1,0,e-,0.848694,Target,-1
344,1,0,e-,0.828404,Target,-1
344,1,0,e-,0.799092,Target,-1
344,1,0,e-,0.781201,Target,-1
344,1,0,e-,0.737606,Target,-1
344,1,0,e-,0.68486,Target,-1
344,1,0,e-,0.65619,Target,-1
344,1,0,e-,0.574944,Target,-1
344,1,0,e-,0.548863,Target,-1
344,1,0,e-,0.5088312,1,0,e-,0.957042,Target,-1
312,1,0,e-,0.934996,Target,-1
312,1,0,e-,0.892423,Target,-1
312,1,0,e-,0.864904,Target,-1
312,1,0,e-,0.813397,Target,-1
312,1,0,e-,0.78417,Target,-1
312,1,0,e-,0.784109,Target,-1
313,1,0,e-,0.954201,Target,-1
313,1,0,e-,0.930071,Target,-1
313,1,0,e-,0.912383,Target,-1
313,1,0,e-,0.883606,Target,-1
313,1,0,e-,0.883606,Detector,1
314,1,0,e-,0.961134,Target,-1
314,1,0,e-,0.923168,Target,-1
314,1,0,e-,0.849982,Target,-1
314,1,0,e-,0.814482,Target,-1
314,1,0,e-,0.78545,Target,-1
314,1,0,e-,0.757427,Target,-1
314,1,0,e-,0.692007,Target,-1
314,1,0,e-,0.660323,Target,-1
314,1,0,e-,0.633619,Target,-1
314,1,0,e-,0.592948,Target,-1
314,1,0,e-,0.556425,Target,-1
314,1,0,e-,0.531591,Target,-1
314,1,0,e-,0.494605,Target,-1
314,1,0,e-,0.448982,Target,-1
314,1,0,e-,0.32703,Target,-1
314,1,0,e-,0.276915,Target,-1
314,1,0,e-,0.157655,Target,-1
314,1,0,e-,0.102474,Target,-1
314,1,0,e-,0,Target,-1
314,2,1,gamma,0,Target,-1
314,3,2,e-,0,Target,-1
315,1,0,e-,0.933567,Target,-1
315,1,0,e-,0.891853,Target,-1
315,1,0,e-,0.85702,Target,-1
315,1,0,e-,0.827421,Target,-1
315,1,0,e-,0.802611,Target,-1
315,1,0,e-,0.747665,Target,-1
315,1,0,e-,0.720407,Target,-1
315,1,0,e-,0.693083,Target,-1
315,1,0,e-,0.639028,Target,-1
315,1,0,e-,0.62291,Target,-1
315,1,0,e-,0.586074,Target,-1
315,1,0,e-,0.562341,Target,-1
315,1,0,e-,0.536935,Target,-1
315,1,0,e-,0.521693,Target,-1
315,1,0,e-,0.521693,Detector,1
316,1,0,e-,0.893951,Target,-1
316,1,0,e-,0.846437,Target,-1
316,1,0,e-,0.799343,Target,-1
316,1,0,e-,0.769966,Target,-1
316,1,0,e-,0.766338,Target,-1
316,1,0,e-,0.766338,Detector,1
316,2,1,e-,0,Target,-1
317,1,0,e-,0.95306,Target,-1
317,1,0,e-,0.834956,Target,-1
317,1,0,e-,0.812079,Target,-1
317,1,0,e-,0.782328,Target,-1
317,1,0,e-,0.782328,Detector,1
317,3,1,e-,0,Target,-1
317,2,1,gamma,0,Target,-1
317,4,2,e-,0,Target,-1
318,1,0,e-,0.967586,Target,-1
318,1,0,e-,0.936573,Target,-1
318,1,0,e-,0.908239,Target,-1
318,1,0,e-,0.875578,Target,-1
318,1,0,e-,0.836306,Target,-1
318,1,0,e-,0.819498,Target,-1
318,1,0,e-,0.799316,Target,-1
318,1,0,e-,0.771742,Target,-1
318,1,0,e-,0.745854,Target,-1
318,1,0,e-,0.731501,Target,-1
318,1,0,e-,0.705743,Target,-1
318,1,0,e-,0.683808,Target,-1
318,1,0,e-,0.621345,Target,-1
318,1,0,e-,0.569916,Target,-1
318,1,0,e-,0.537027,Target,-1
318,1,0,e-,0.502283,Target,-1
318,1,0,e-,0.46398,Target,-1
318,1,0,e-,0.430297,Target,-1
318,1,0,e-,0.405821,Target,-1
318,1,0,e-,0.368792,Target,-1
318,1,0,e-,0.328316,Target,-1
318,1,0,e-,0.314636,Target,-1
318,1,0,e-,0.314636,Detector,1
319,1,0,e-,0.941333,Target,-1
319,1,0,e-,0.908046,Target,-1
319,1,0,e-,0.877493,Target,-1
319,1,0,e-,0.852113,Target,-1
319,1,0,e-,0.83257,Target,-1
319,1,0,e-,0.83257,Detector,1
320,1,0,e-,0.968648,Target,-1
320,1,0,e-,0.936894,Target,-1
320,1,0,e-,0.915138,Target,-1
320,1,0,e-,0.905125,Target,-1
320,1,0,e-,0.905125,Detector,1
321,1,0,e-,0.954618,Target,-1
321,1,0,e-,0.916031,Target,-1
321,1,0,e-,0.890834,Target,-1
321,1,0,e-,0.865349,Target,-1
321,1,0,e-,0.848405,Target,-1
321,1,0,e-,0.819623,Target,-1
321,1,0,e-,0.795536,Target,-1
321,1,0,e-,0.758826,Target,-1
321,1,0,e-,0.704491,Target,-1
321,1,0,e-,0.660237,Target,-1
321,1,0,e-,0.603996,Target,-1
321,1,0,e-,0.577868,Target,-1
321,1,0,e-,0.547595,Target,-1
321,1,0,e-,0.530608,Target,-1
321,1,0,e-,0.481507,Target,-1
321,1,0,e-,0.395546,Target,-1
321,1,0,e-,0.358293,Target,-1
321,1,0,e-,0.273596,Target,-1
321,1,0,e-,0.213416,Target,-1
321,1,0,e-,0,Target,-1
321,2,1,gam358,1,0,e-,0.72691,Target,-1
358,1,0,e322,1,0,e-,0.935989,Target,-1
322,1,0,e-,0.903072,Target,-1
322,1,0,e-,0.877181,Target,-1
322,1,0,e-,0.856857,Target,-1
322,1,0,e-,0.841074,Target,-1
322,1,0,e-,0.841074,Detector,1
323,1,0,e-,0.93014,Target,-1
323,1,0,e-,0.914012,Target,-1
323,1,0,e-,0.88876,Target,-1
323,1,0,e-,0.859191,Target,-1
323,1,0,e-,0.841201,Target,-1
323,1,0,e-,0.829373,Target,-1
323,1,0,e-,0.829373,Detector,1
323,2,1,gamma,0.0157498,Target,-1
323,2,1,gamma,0.0157498,Detector,1
324,1,0,e-,0.93722,Target,-1
324,1,0,e-,0.914898,Target,-1
324,1,0,e-,0.864475,Target,-1
324,1,0,e-,0.834454,Target,-1
324,1,0,e-,0.809522,Target,-1
324,1,0,e-,0.776564,Target,-1
324,1,0,e-,0.736834,Target,-1
324,1,0,e-,0.703156,Target,-1
324,1,0,e-,0.666865,Target,-1
324,1,0,e-,0.643223,Target,-1
324,1,0,e-,0.590243,Target,-1
324,1,0,e-,0.536896,Target,-1
324,1,0,e-,0.512731,Target,-1
324,1,0,e-,0.451061,Target,-1
324,1,0,e-,0.418361,Target,-1
324,1,0,e-,0.388576,Target,-1
324,1,0,e-,0.348036,Target,-1
324,1,0,e-,0.302307,Target,-1
324,1,0,e-,0.27059,Target,-1
324,1,0,e-,0.218043,Target,-1
324,1,0,e-,0,Target,-1
324,2,1,gamma,0,Target,-1
324,3,2,e-,0,Target,-1
325,1,0,e-,0.914632,Target,-1
325,1,0,e-,0.648494,Target,-1
325,1,0,e-,0.620693,Target,-1
325,1,0,e-,0.591287,Target,-1
325,1,0,e-,0.563943,Target,-1
325,1,0,e-,0.514154,Target,-1
325,1,0,e-,0.514154,Detector,1
325,2,1,gamma,0.258479,Target,-1
325,2,1,gamma,0.258479,Detector,1
326,1,0,e-,0.947932,Target,-1
326,1,0,e-,0.91205,Target,-1
326,1,0,e-,0.886531,Target,-1
326,1,0,e-,0.856523,Target,-1
326,1,0,e-,0.807697,Target,-1
326,1,0,e-,0.764778,Target,-1
326,1,0,e-,0.714888,Target,-1
326,1,0,e-,0.675714,Target,-1
326,1,0,e-,0.653875,Target,-1
326,1,0,e-,0.616969,Target,-1
326,1,0,e-,0.589877,Target,-1
326,1,0,e-,0.566659,Target,-1
326,1,0,e-,0.29369,Target,-1
326,1,0,e-,0.269373,Target,-1
326,1,0,e-,0.214935,Target,-1
326,1,0,e-,0.172735,Target,-1
326,1,0,e-,0,Target,-1
326,2,1,e-,0.255895,Target,-1
326,2,1,e-,0.239046,Target,-1
326,2,1,e-,0.227122,Target,-1
326,2,1,e-,0.216229,Target,-1
326,2,1,e-,0.207264,Target,-1
326,2,1,e-,0.192349,Target,-1
326,2,1,e-,0.173845,Target,-1
326,2,1,e-,0.165565,Target,-1
326,2,1,e-,0.15564,Target,-1
326,2,1,e-,0.145454,Target,-1
326,2,1,e-,0.137869,Target,-1
326,2,1268,1,0,e-,0.926618,Target,-1
268,1,0,e-,0.805576,Target,-1
268,1,0,e-,0.77683,Target,-1
268,1,0,e-,0.752433,Targ327,1,0,e-,0.963395,Target,-1
327,1,0,e-,0.921752,Target,-1
327,1,0,e-,0.824533,Target,-1
327,1,0,e-,0.783271,Target,-1
327,1,0,e-,0.73803,Target,-1
327,1,0,e-,0.680644,Target,-1
327,1,0,e-,0.655262,Target,-1
327,1,0,e-,0.61409,Target,-1
327,1,0,e-,0.593965,Target,-1
327,1,0,e-,0.505987,Target,-1
327,1,0,e-,0.46053,Target,-1
327,1,0,e-,0.417509,Target,-1
327,1,0,e-,0.36274,Target,-1
327,1,0,e-,0.287426,Target,-1
327,1,0,e-,0.22404,Target,-1
327,1,0,e-,0.201521,Target,-1
327,1,0,e-,0,Target,-1
327,3,1,e-,0,Target,-1
327,2,1,gamma,0,Target,-1
327,4,2,e-,0,Target,-1
328,1,0,e-,0.966409,Target,-1
328,1,0,e-,0.948254,Target,-1
32300,1,0,e-,0.933094,Target,-1
300,1,0,e-,0.904133,Target,-1
300,1,0,e-,0.880346,Target,-1
300,1,0,e-,0.823422,Target,-1
300,1,0,e-,0.803047,Target,-1
300,1,0,e-,0.775628,Target,-1
300,1,0,e-,0.753766,Target,-1
300,1,0,e-,0.749615,Target,-1
300,1,0,e-,0.749615,Detector,1
300,3,1,gamma,0.0237187,Target,-1
300,3,1,gamma,0.0237187,Detector,1
300,2,1,gamma,0,Target,-1
300,4,2,e-,0,Target,-1
301,1,0,e-,0.936622,Target,-1
301,1,0,e-,0.913576,Target,-1
301,1,0,e-,0.875448,Target,-1
301,1,0,e-,0.546395,Target,-1
301,1,0,e-,0.522689,Target,-1
301,1,0,e-,0.497358,Target,-1
301,1,0,e-,0.466507,Target,-1
301,1,0,e-,0.431327,Target,-1
301,1,0,e-,0.391197,Target,-1
301,1,0,e-,0.346514,Target,-1
301,1,0,e-,0.304813,Target,-1
301,1,0,e-,0.264888,Target,-1
301,1,0,e-,0,Target,-1
301,2,1,e-,0.300113,Target,-1
301,2,1,e-,0.298439,Target,-1
301,2,1,e-,0.294507,Target,-1
301,2,1,e-,0.268456,Target,-1
301,2,1,e-,0.255823,Target,-1
301,2,1,e-,0.242456,Target,-1
301,2,1,e-,0.240338,Target,-1
301,2,1,e-,0.230715,Target,-1
301,2,1,e-,0.223494,Target,-1
301,2,1,e-,0.208965,Target,-1
301,2,1,e-,0.198456,Target,-1
301,2,1,e-,0.181634,Target,-1
301,2,1,e-,0.164547,Target,-1
301,2,1,e-,0.144194,Target,-1
301,2,1,e-,0.129988,Target,-1
301,2,1,e-,0.120699,Target,-1
301,2,1,e-,0.111206,Target,-1
301,2,1,e-,0.0981385,Target,-1
301,2,1,e-,0.0814027,Target,-1
301,2,1,e-,0.0741608,Target,-1
301,2,1,e-,0.059015,Target,-1
301,2,1,e-,0,Target,-1
302,1,0,e-,0.937541,Target,-1
302,1,0,e-,0.869723,Target,-1
302,1,0,e-,0.836966,Target,-1
302,1,0,e-,0.813444,Target,-1
302,1,0,e-,0.795735,Target,-1
302,1,0,e-,0.795735,Detector,1
303,1,0,e-,0.966745,Target,-1
303,1,0,e-,0.927597,Target,-1
303,1,0,e-,0.907746,Target,-1
303,1,0,e-,0.845934,Target,-1
303,1,0,e-,0.845934,Detector,1
303,2,1,gamma,0,Target,-1
303,3,2,e-,0,Target,-1
304,1,0,e-,0.968104,Target,-1
304,1,0,e-,0.952407,Target,-1
304,1,0,e-,0.921128,Target,-1
304,1,0,e-,0.918892,Target,-1
304,1,0,e-,0.918892,Detector,1
305,1,0,e-,0.958506,Target,-1
305,1,0,e-,0.936802,Target,-1
305,1,0,e-,0.905143,Target,-1
305,1,0,e-,0.903551,Target,-1
305,1,0,e-,0.903551,Detector,1
306,1,0,e-,0.954901,Target,-1
306,1,0,e-,0.923218,Target,-1
306,1,0,e-,0.90839,Target,-1
306,1,0,e-,0.874922,Target,-1
306,1,0,e-,0.840627,Target,-1
306,1,0,e-,0.822092,Target,-1
306,1,0,e-,0.799782,Target,-1
306,1,0,e-,0.799782,Detector,1
307,1,0,e-,0.961406,Target,-1
307,1,0,e-,0.9114,Target,-1
307,1,0,e-,0.878178,Target,-1
307,1,0,e-,0.831476,Target,-1
307,1,0,e-,0.806516,Target,-1
307,1,0,e-,0.806516,Detector,1
308,1,0,e-,0.956821,Target,-1
308,1,0,e-,0.916897,Target,-1
308,1,0,e-,0.891279,Target,-1
308,1,0,e-,0.891279,Detector,1
309,1,0,e-,0.959072,Target,-1
309,1,0,e-,0.741078,Target,-1
309,1,0,e-,0.702133,Target,-1
309,1,0,e-,0.675334,Target,-1
309,1,0,e-,0.648723,Target,-1
309,1,0,e-,0.617054,Target,-1
309,1,0,e-,0.602067,Target,-1
309,1,0,e-,0.591924,Target,-1
309,1,0,e-,0.574914,Target,-1
309,1,0,e-,0.571674,Target,-1
309,1,0,e-,0.571674,Detector,1
309,2,1,e-,0.150853,Target,-1
309,2,1,e-,0,Target,-1
651,1,0,e-,0.954349,Target,-1
651,1,0,e-,0.921278,Target,-1
651,1,0,e-,0.811057,Target,-1
651,1,0,e-,0.783778,Target,-1
651,1,0,e-,0.75221,Target,-1
651,1,0,e-,0.7167,Target,-1
651,1,0,e-,0.674023,Target,-1
651,1,0,e-,0.613885,Target,-1
651,1,0,e-,0.582996,Target,-1
651,1,0,e-,0.543076,Target,-1
651,1,0,e-,0.515362,Target,-1
651,1,0,e-,0.469134,Target,-1
651,1,0,e-,0.428099,Target,-1
651,1,0,e-,0.38084,Target,-1
651,1,0,e-,0.378094,Target,-1
651,2,1,e-,0,Target,-1
652,1,0,e-,0.947917,Target,-1
652,1,0,e-,0.92836,Target,-1
652,1,0,e-,0.893888,Target,-1
652,1,0,e-,0.887545,Target,-1
652,1,0,e-,0.887545,Detector,1
653,1,0,e-,0.968612,Target,-1
653,1,0,e-,0.951763,Target,-1
653,1,0,e-,0.916781,Target,-1
653,1,0,e-,0.867354,Target,-1
653,1,0,e-,0.841692,Target,-1
653,1,0,e-,0.805498,Target,-1
653,1,0,e-,0.803637,Target,-1
654,1,0,e-,0.950895,Target,-1
654,1,0,e-,0.926802,Target,-1
654,1,0,e-,0.896914,Target,-1
654,1,0,e-,0.8627,Target,-1
654,1,0,e-,0.806009,Target,-1
654,1,0,e-,0.767461,Target,-1
654,1,0,e-,0.734564,Target,-1
654,1,0,e-,0.668766,Target,-1
654,1,0,e-,0.644569,Target,-1
654,1,0,e-,0.622629,Target,-1
654,1,0,e-,0.597729,Target,-1
654,1,0,e-,0.562489,Target,-1
654,1,0,e-,0.434891,Target,-1
654,1,0,e-,0.402213,Target,-1
654,1,0,e-,0.357164,Target,-1
654,1,0,e-,0.332452,Target,-1
654,1,0,e-,0.301989,Target,-1
654,1,0,e-,0.258513,Target,-1
654,1,0,e-,0.210784,Target,-1
654,1,0,e-,0,Target,-1
655,1,0,e-,0.949601,Target,-1
655,1,0,e-,0.910645,Target,-1
655,1,0,e-,0.884467,Target,-1
655,1,0,e-,0.87418,Target,-1
655,1,0,e-,0.87418,Detector,1
656,1,0,e-,0.964865,Target,-1
656,1,0,e-,0.919466,Target,-1
656,1,0,e-,0.877321,Target,-1
656,1,0,e-,0.833068,Target,-1
656,1,0,e-,0.797754,Target,-1
656,1,0,e-,0.776611,Target,-1
656,1,0,e-,0.749217,Target,-1
656,1,0,e-,0.710279,Target,-1
656,1,0,e-,0.681537,Target,-1
656,1,0,e-,0.639648,Target,-1
656,1,0,e-,0.618388,Target,-1
656,1,0,e-,0.618388,Detector,1
657,1,0,e-,0.947141,Target,-1
657,1,0,e-,0.91936,Target,-1
657,1,0,e-,0.894665,Target,-1
657,1,0,e-,0.834422,Target,-1
657,1,0,e-,0.811368,Target,-1
657,1,0,e-,0.563901,Target,-1
657,1,0,e-,0.524411,Target,-1
657,1,0,e-,0.476551,Target,-1
657,1,0,e-,0.441473,Target,-1
657,1,0,e-,0.403062,Target,-1
657,1,0,e-,0.31998,Target,-1
657,1,0,e-,0.269769,Target,-1
657,1,0,e-,0.224776,Target,-1
657,1,0,e-,0.170034,Target,-1
657,1,0,e-,0.0986556,Target,-1
657,1,0,e-,0,Target,-1
657,3,1,e-,0,Target,-1
657,2,1,e-,0.207123,Target,-1
657,2,1,e-,0.189909,Target,-1
657,2,1,e-,0.178473,Target,-1
657,2,1,e-,0.176702,Target,-1
657,2,1,e-,0.172755,Target,-1
657,2,1,e-,0.169697,Target,-1
657,2,1,e-,0.160643,Target,-1
657,2,1,e-,0.156629,Target,-1
657,2,1,e-,0.126919,Target,-1
657,2,1,e-,0.112455,Target,-1
657,2,1,e-,0.103336,Target,-1
657,2,1,e-,0.100302,Target,-1
657,2,1,e-,0.0987899,Target,-1
657,2,1,e-,0.0978295,Target,-1
657,2,1,e-,0.0854053,Target,-1
657,2,1,e-,0.081047,Target,-1
657,2,1,e-,0.0796617,Target,-1
657,2,1,e-,0.0781136,Target,-1
657,2,1,e-,0.0747182,Target,-1
657,2,1,e-,0.0703107,Target,-1
657,2,1,e-,0.0621388,Target,-1
657,2,1,e-,0.0611185,Target,-1
657,2,1,e-,0.0535799,Target,-1
657,2,1,e-,0.0479593,Target,-1
657,2,1,e-,0.0407735,Target,-1
657,2,1,e-,0,Target,-1
658,1,0,e-,0.889727,Target,-1
658,1,0,e-,0.82663,Target,-1
658,1,0,e-,0.801774,Target,-1
658,1,0,e-,0.775922,Target,-1
658,1,0,e-,0.743009,Target,-1
658,1,0,e-,0.714327,Target,-1
658,1,0,e-,0.67776,Target,-1
658,1,0,e-,0.644374,Target,-1
658,1,0,e-,0.475904,Target,-1
658,1,0,e-,0.434886,Target,-1
658,1,0,e-,0.404505,Target,-1
658,1,0,e-,0.384783,Target,-1
658,1,0,e-,0.356944,Target,-1
658,1,0,e-,0.325933,Target,-1
658,1,0,e-,0.28148,Target,-1
658,1,0,e-,0.242976,Target,-1
658,1,0,e-,0.237875,Target,-1
658,1,0,e-,0.237875,Detector,1
658,3,1,e-,0,Target,-1
658,2,1,gamma,0,Target,-1
658,4,2,e-,0,Target,-1
659,1,0,e-,0.966484,Target,-1
659,1,0,e-,0.943533,Target,-1
659,1,0,e-,0.920437,Target,-1
659,1,0,e-,0.919002,Target,-1
659,1,0,e-,0.919002,Detector,1
660,1,0,e-,0.939378,Target,-1
660,1,0,e-,0.924389,Target,-1
660,1,0,e-,0.86746,Target,-1
660,1,0,e-,0.845013,Target,-1
660,1,0,e-,0.813146,Target,-1
660,1,0,e-,0.751993,Target,-1
660,1,0,e-,0.751993,Detector,1
661,1,0,e-,0.954861,Target,-1
661,1,0,e-,0.921226,Target,-1
661,1,0,e-,0.9073,Target,-1
661,1,0,e-,0.907049,Target,-1
661,1,0,e-,0.907049,Detector,1
662,1,0,e-,0.968179,Target,-1
662,1,0,e-,0.942727,Target,-1
662,1,0,e-,0.855372,Target,-1
662,1,0,e-,0.823993,Target,-1
662,1,0,e-,0.783597,Target,-1
662,1,0,e-,0.743149,Target,-1
662,1,0,e-,0.704701,Target,-1
662,1,0,e-,0.672079,Target,-1
662,1,0,e-,0.65308,Target,-1
662,1,0,e-,0.627117,Target,-1
662,1,0,e-,0.613792,Target,-1
662,1,0,e-,0.604104,Target,-1
662,1,0,e-,0.588028,Target,-1
662,1,0,e-,0.572095,Target,-1
662,1,0,e-,0.543039,Target,-1
662,1,0,e-,0.506791,Target,-1
662,1,0,e-,0.486022,Target,-1
662,1,0,e-,0.474382,Target,-1
662,1,0,e-,0.438567,Target,-1
662,1,0,e-,0.421259,Target,-1
663,1,0,e-,0.919103,Target,-1
663,1,0,e-,0.891797,Target,-1
663,1,0,e-,0.862398,Target,-1
663,1,0,e-,0.831635,Target,-1
663,1,0,e-,0.83067,Target,-1
663,1,0,e-,0.83067,Detector,1
664,1,0,e-,0.955486,Target,-1
664,1,0,e-,0.931531,Target,-1
664,1,0,e-,0.900213,Target,-1
664,1,0,e-,0.565746,Target,-1
664,1,0,e-,0.513909,Target,-1
664,1,0,e-,0.458443,Target,-1
664,1,0,e-,0.443069,Target,-1
664,1,0,e-,0.414305,Target,-1
664,1,0,e-,0.392049,Target,-1
664,1,0,e-,0.356966,Target,-1
664,1,0,e-,0.305429,Target,-1
664,1,0,e-,0.265943,Target,-1
664,1,0,e-,0.217184,Target,-1
664,1,0,e-,0.145634,Target,-1
664,1,0,e-,0.0949393,Target,-1
664,1,0,e-,0.0947907,Target,-1
664,3,1,gamma,0,Target,-1
664,4,3,e-,0,Target,-1
664,2,1,e-,0.287906,Target,-1
664,2,1,e-,0.235645,Target,-1
664,2,1,e-,0.211233,Target,-1
664,2,1,e-,0,Target,-1
664,5,2,gamma,0,Target,512,1,0,e-,0.944186,Target665,1,0,e-,0.538138,Target,-1
665,1,0,e-,0.487767,Target,-1
665,1,0,e-,0.456175,Target,-1
665,1,0,e-,0.421005,Target,-1
665,1,0,e-,0.361163,Target,-1
665,1,0,e-,0.285001,Target,-1
665,1,0,e-,0.232445,Target,-1
665,1,0,e-,0,Target,-1
665,2,1,gamma,0.43791,Target,-1
665,2,1,gamma,0.43791,Detector,1
666,1,0,e-,0.963016,Target,-1
666,1,0,e-,0.921942,Target,-1
666,1,0,e-,0.890065,Target,-1
666,1,0,e-,0.880628,Target,-1
666,1,0,e-,0.880628,Detector,1
667,1,0,e-,0.960199,Target,-1
667,1,0,e-,0.928495,Target,-1
667,1,0,e-,0.907289,Target,-1
667,1,0,e-,0.863112,Target,-1
667,1,0,e-,0.829083,Target,-1
667,1,0,e-,0.802711,Target,-1
667,1,0,e-,0.76819,Target,-1
667,1,0,e-,0.738976,Target,-1
667,1,0,e-,0.657471,Target,-1
667,1,0,e-,0.636347,Target,-1
667,1,0,e-,0.607445,Target,-1
667,1,0,e-,0.57111,Target,-1
667,1,0,e-,0.498827,Target,-1
667,1,0,e-,0.463287,Target,-1
667,1,0,e-,0.436595,Target,-1
667,1,0,e-,0.393334,Target,-1
667,1,0,e-,0.260624,Target,-1
667,1,0,e-,0.232315,Target,-1
667,1,0,e-,0.190752,Target,-1
667,1,0,e-,0.142118,Target,-1
667,1,0,e-,0.0252207,Target,-1
667,1,0,e-,0,Target,-1
667,4,1,gamma,0,Target,-1
667,5,4,e-,0,Target,-1
667,3,1,gamma,0,Target,-1
667,6,3,e-,0,Target,-1
667,2,1,gamma,0,Target,-1
667,7,2,e-,0,Target,-1
668,1,0,e-,0.887231,Target,-1
668,1,0,e-,0.849805,Target,-1
668,1,0,e-,0.804624,Target,-1
668,1,0,e-,0.76415,Target,-1
668,1,0,e-,0.76415,Detector,1
668,2,1,e-,0,Target,-1
669,1,0,e-,0.93447,Target,-1
669,1,0,e-,0.889008,Target,-1
669,1,0,e-,0.865483,Target,-1
669,1,0,e-,0.847339,Target,-1
669,1,0,e-,0.847244,Target,-1
669,1,0,e-,0.847244,Detector,1
670,1,0,e-,0.961554,Target,-1
670,1,0,e-,0.936536,Target,-1
670,1,0,e-,0.908219,Target,-1
670,1,0,e-,0.88934,Target,-1
670,1,0,e-,0.865062,Target,-1
670,1,0,e-,0.822549,Target,-1
670,1,0,e-,0.791114,Target,-1
670,1,0,e-,0.738037,Target,-1
670,1,0,e-,0.707395,Target,-1
670,1,0,e-,0.480286,Target,-1
670,1,0,e-,0.421926,Target,-1
670,1,0,e-,0.395403,Target,-1
670,1,0,e-,0.362122,Target,-1
670,1,0,e-,0.343759,Target,-1
670,1,0,e-,0.299445,Target,-1
670,1,0,e-,0.239841,Target,-1
670,1,0,e-,0.203412,Target,-1
670,1,0,e-,0,Target,-1
670,2,1,gamma,0,Target,-1
670,3,2,e-,0.17804,Target,-1
670,3,2,e-,0.156714,Target,-1
670,3,2,e-,0.122961,Target,-1
670,3,2,e-,0,Target,-1
670,4,3,gamma,0,Target,-1
670,5,4,e-,0,Target,-1
671,1,0,e-,0.953601,Target,-1
671,1,0,e-,0.908183,Target,-1
671,1,0,e-,0.893994,Target,-1
671,1,0,e-,0.893994,Detector,1
672,1,0,e-,0.95558,Target,-1
672,1,0,e-,0.846305,Target,-1
672,1,0,e-,0.808027,Target,-1
672,1,0,e-,0.80298,Target,-1
672,1,0,e-,0.80298,Detector,1
673,1,0,e-,0.939363,Target,-1
673,1,0,e-,0.877794,Target,-1
673,1,0,e-,0.850775,Target,-1
673,1,0,e-,0.827611,Target,-1
673,1,0,e-,0.802686,Target,-1
673,1,0,e-,0.781118,Target,-1
673,1,0,e-,0.777297,Target,-1
673,1,0,e-,0.777297,Detector,1
674,1,0,e-,0.910349,Target,-1
674,1,0,e-,0.878081,Target,-1
674,1,0,e-,0.853673,Target,-1
674,1,0,e-,0.853673,Detector,1
675,1,0,e-,0.953829,Target,-1
675,1,0,e-,0.924255,Target,-1
675,1,0,e-,0.88319,Target,-1
675,1,0,e-,0.846659,Target,-1
675,1,0,e-,0.813503,Target,-1
675,1,0,e-,0.767041,Target,-1
675,1,0,e-,0.742688,Target,-1
675,1,0,e-,0.714194,Target,-1
675,1,0,e-,0.699509,Target,-1
675,1,0,e-,0.688701,Target,-1
676,1,0,e-,0.92919,Target,-1
676,1,0,e-,0.902691,Target,-1
676,1,0,e-,0.861859,Target,-1
676,1,0,e-,0.307161,Target,-1
676,1,0,e-,0.288942,Target,-1
676,1,0,e-,0.244489,Target,-1
676,1,0,e-,0.20924,Target,-1
676,1,0,e-,0.158939,Target,-1
676,1,0,e-,0.157891,Target,-1
676,1,0,e-,0.157891,Detector,1
676,2,1,gamma,0.545434,Target,-1
677,1,0,e-,0.975605,Target,-1
677,1,0,e-,0.912863,Target,-1
677,1,0,e-,0.893446,Target,-1
677,1,0,e-,0.876318,Target,-1
677,1,0,e-,0.833674,Target,-1
677,1,0,e-,0.784517,Target,-1
677,1,0,e-,0.750284,Target,-1
677,1,0,e-,0.720493,Target,-1
677,1,0,e-,0.697532,Target,-1
677,1,0,e-,0.668449,Target,-1
677,1,0,e-,0.630254,Target,-1
677,1,0,e-,0.614462,Target,-1
677,1,0,e-,0.61435,Target,-1
678,1,0,e-,0.96384,Target,-1
678,1,0,e-,0.946884,Target,-1
678,1,0,e-,0.923603,Target,-1
678,1,0,e-,0.89878,Target,-1
678,1,0,e-,0.895673,Target,-1
678,1,0,e-,0.895673,Detector,1
679,1,0,e-,0.963966,Target,-1
679,1,0,e-,0.946261,Target,-1
679,1,0,e-,0.928551,Target,-1
679,1,0,e-,0.928551,Detector,1
680,1,0,e-,0.961123,Target,-1
680,1,0,e-,0.941067,Target,-1
680,1,0,e-,0.918116,Target,-1
680,1,0,e-,0.886836,Target,-1
680,1,0,e-,0.838991,Target,-1
680,1,0,e-,0.787879,Target,-1
680,1,0,e-,0.78664,Target,-1
681,1,0,e-,0.947889,Target,-1
681,1,0,e-,0.928593,Target,-1
681,1,0,e-,0.887441,Target,-1
681,1,0,e-,0.819337,Target,-1
681,1,0,e-,0.806744,Target,-1
681,1,0,e-,0.777804,Target,-1
681,1,0,e-,0.76337,Target,-1
681,1,0,e-,0.735581,Target,-1
681,1,0,e-,0.701488,Target,-1
681,1,0,e-,0.676072,Target,-1
681,1,0,e-,0.659711,Target,-1
681,1,0,e-,0.6313,Target,-1
681,1,0,e-,0.609488,Target,-1
681,1,0,e-,0.58597,Target,-1
681,1,0,e-,0.559243,Target,-1
681,1,0,e-,0.535649,Target,-1
681,1,0,e-,0.445923,Target,-1
681,1,0,e-,0.4225,Target,-1
681,1,0,e-,0.370524,Target,-1
681,1,0,e-,0.343512,Target,-1
681,1,0,e-,0.31088,Target,-1
681,1,0,e-,0.277906,Target,-1
681,1,0,e-,0.250052,Target,-1
681,1,0,e-,0.229271,Target,-1
681,1,0,e-,0.20212,Target,-1
681,1,0,e-,0,Target,-1
868,1,0,e-,0.937096,Target,-1
868,1,0,e-,0.897423,Target,-1
868,1,0,e-,0.871412,Target,-1
868,1,0,e-,0.82627,Target,-1
868,1,0,e-,0.768923,Target,-1
868,1,0,e-,0.645874,Target,-1
868,1,0,e-,0.630717,Target,-1
868,1,0,e-,0.586112,Target,-1
868,1,0,e-,0.543483,Target,-1
868,1,0,e-,0.497385,Target,-1
868,1,0,e-,0.437493,Target,-1
868,1,0,e-,0.396935,Target,-1
868,1,0,e-,0.326564,Target,-1
868,1,0,e-,0.290879,Target,-1
868,1,0,e-,0.260657,Target,-1
868,1,0,e-,0,Target,-1
869,1,0,e-,0.951448,Target,-1
869,1,0,e-,0.913956,Target,-1
869,1,0,e-,0.87014,Target,-1
869,1,0,e-,0.826078,Target,-1
869,1,0,e-,0.737219,Target,-1
869,1,0,e-,0.668884,Target,-1
869,1,0,e-,0.645643,Target,-1
869,1,0,e-,0.577578,Target,-1
869,1,0,e-,0.544027,Target,-1
869,1,0,e-,0.531779,Target,-1
870,1,0,e-,0.914515,Target,-1
870,1,0,e-,0.885049,Target,-1
870,1,0,e-,0.858499,Target,-1
870,1,0,e-,0.817571,Target,-1
870,1,0,e-,0.79404,Target,-1
870,1,0,e-,0.760201,Target,-1
870,1,0,e-,0.695852,Target,-1
870,1,0,e-,0.660444,Target,-1
870,1,0,e-,0.633016,Target,-1
870,1,0,e-,0.631661,Target,-1
870,1,0,e-,0.631661,Detector,1
870,2,1,gamma,0,Target,-1
870,3,2,e-,0,Target,-1
871,1,0,e-,0.923484,Target,-1
871,1,0,e-,0.882944,Target,-1
871,1,0,e-,0.866456,Target,-1
871,1,0,e-,0.843034,Target,-1
871,1,0,e-,0.820486,Target,-1
871,1,0,e-,0.820486,Detector,1
871,2,1,gamma,0.0593612,Target,-1
871,2,1,gamma,0.0593612,Detector,1
872,1,0,e-,0.821593,Target,-1
872,1,0,e-,0.774982,Target,-1
872,1,0,e-,0.748928,Target,-1
872,1,0,e-,0.721846,Target,-1
872,1,0,e-,0.690755,Target,-1
872,1,0,e-,0.666766,Target,-1
872,1,0,e-,0.647933,Target,-1
872,1,0,e-,0.588165,Target,-1
872,1,0,e-,0.558061,Target,-1
872,1,0,e-,0.536433,Target,-1
872,1,0,e-,0.521151,Target,-1
872,1,0,e-,0.510787,Target,-1
872,1,0,e-,0.492049,Target,-1
872,1,0,e-,0.465412,Target,-1
872,1,0,e-,0.451912,Target,-1
872,1,0,e-,0.347313,Target,-1
872,1,0,e-,0.347313,Target,-1
872,1,0,e-,0.347313,Detector,1
872,2,1,gamma,0,Target,-1
872,3,2,e-,0.0817025,Target,-1
872,3,2,e-,0.0631076,Target,-1
872,3,2,e-,0,Target,-1
873,1,0,e-,0.947462,Target,-1
873,1,0,e-,0.888909,Target,-1
873,1,0,e-,0.868743,Target,-1
873,1,0,e-,0.844018,Target,-1
873,1,0,e-,0.844018,Detector,1
874,1,0,e-,0.94229,Target,-1
874,1,0,e-,0.909683,Target,-1
874,1,0,e-,0.875443,Target,-1
874,1,0,e-,0.836228,Target,-1
874,1,0,e-,0.810934,Target,-1
874,1,0,e-,0.783317,Target,-1
874,1,0,e-,0.782448,Target,-1
874,1,0,e-,0.782448,Detector,1
875,1,0,e-,0.872715,Target,-1
875,1,0,e-,0.775071,Target,-1
875,1,0,e-,0.737618,Target,-1
875,1,0,e-,0.711492,Target,-1
875,1,0,e-,0.685756,Target,-1
875,1,0,e-,0.653588,Target,-1
875,1,0,e-,0.614666,Target,-1
875,1,0,e-,0.576698,Target,-1
875,1,0,e-,0.530098,Target,-1
875,1,0,e-,0.458347,Target,-1
875,1,0,e-,0.418246,Target,-1
875,1,0,e-,0.390304,Target,-1
875,1,0,e-,0.350225,Target,-1
875,1,0,e-,0.318285,Target,-1
875,1,0,e-,0.295221,Target,-1
875,1,0,e-,0.219434,Target,-1
875,1,0,e-,0.174896,Target,-1
875,1,0,e-,0.13437,Target,-1
875,1,0,e-,0.0201901,Target,-1
875,1,0,e-,0,Target,-1
875,3,1,gamma,0.0790358,Target,-1
875,3,1,gamma,0.0790358,Detector,1
875,2,1,e-,0,Target,-1
876,1,0,e-,0.953118,Target,-1
876,1,0,e-,0.91284,Target,-1
876,1,0,e-,0.873069,Target,-1
876,1,0,e-,0.808579,Target,-1
876,1,0,e-,0.760239,Target,-1
876,1,0,e-,0.72488,Target,-1
876,1,0,e-,0.688806,Target,-1
876,1,0,e-,0.625752,Target,-1
876,1,0,e-,0.594103,Target,-1
876,1,0,e-,0.577015,Target,-1
876,1,0,e-,0.543248,Target,-1
876,1,0,e-,0.523793,Target,-1
876,1,0,e-,0.472028,Target,-1
876,1,0,e-,0.442848,Target,-1
876,1,0,e-,0.421071,Target,-1
876,1,0,e-,0.366865,Target,-1
876,1,0,e-,0.366123,Target,-1
877,1,0,e-,0.968907,Target,-1
877,1,0,e-,0.942118,Target,-1
877,1,0,e-,0.911647,Target,-1
877,1,0,e-,0.882859,Target,-1
877,1,0,e-,0.847869,Target,-1
877,1,0,e-,0.804701,Target,-1
877,1,0,e-,0.778147,Target,-1
877,1,0,e-,0.740547,Target,-1
877,1,0,e-,0.620277,Target,-1
877,1,0,e-,0.552547,Target,-1
877,1,0,e-,0.513553,Target,-1
877,1,0,e-,0.474696,Target,-1
877,1,0,e-,0.407688,Target,-1
877,1,0,e-,0.322631,Target,-1
877,1,0,e-,0.23306,Target,-1
877,1,0,e-,0.132034,Target,-1
877,1,0,e-,0,Target,-1
877,2,1,gamma,0,Target,-1
877,3,2,e-,0,Target,-1
878,1,0,e-,0.969541,Target,-1
878,1,0,e-,0.948464,Target,-1
878,1,0,e-,0.914019,Target,-1
878,1,0,e-,0.886646,Target,-1
878,1,0,e-,0.871416,Target,-1
878,1,0,e-,0.855751,Target,-1
878,1,0,e-,0.830647,Target,-1
878,1,0,e-,0.812422,Target,-1
878,1,0,e-,0.782084,Target,-1
878,1,0,e-,0.747197,Target,-1
878,1,0,e-,0.721687,Target,-1
878,1,0,e-,0.697001,Target,-1
878,1,0,e-,0.676247,Target,-1
878,1,0,e-,0.675557,Target,-1
878,1,0,e-,0.675557,Detector,1
879,1,0,e-,0.954572,Target,-1
879,1,0,e-,0.896177,Target,-1
879,1,0,e-,0.865852,Target,-1
879,1,0,e-,0.839866,Target,-1
879,1,0,e-,0.833514,Target,-1
879,1,0,e-,0.833514,Detector,1
880,1,0,e-,0.933508,Target,-1
880,1,0,e-,0.907211,Target,-1
880,1,0,e-,0.885579,Target,-1
880,1,0,e-,0.865143,Target,-1
880,1,0,e-,0.840136,Target,-1
880,1,0,e-,0.793732,Target,-1
880,1,0,e-,0.789786,Target,-1
880,1,0,e-,0.789786,Detector,1
881,1,0,e-,0.943465,Target,-1
881,1,0,e-,0.922303,Target,-1
881,1,0,e-,0.898348,Target,-1
881,1,0,e-,0.888878,Target,-1
881,1,0,e-,0.870839,Target,-1
881,1,0,e-,0.81348,Target,-1
881,1,0,e-,0.769764,Target,-1
881,1,0,e-,0.734739,Target,-1
881,1,0,e-,0.694229,Target,-1
881,1,0,e-,0.64957,Target,-1
881,1,0,e-,0.630921,Target,-1
881,1,0,e-,0.584344,Target,-1
881,1,0,e-,0.557371,Target,-1
881,1,0,e-,0.52069,Target,-1
881,1,0,e-,0.488739,Target,-1
881,1,0,e-,0.458102,Target,-1
881,1,0,e-,0.42601,Target,-1
881,1,0,e-,0.333265,Target,-1
881,1,0,e-,0.291837,Target,-1
881,1,0,e-,0.254437,Target,-1
881,1,0,e-,0.211907,Target,-1
881,1,0,e-,0.158973,Target,-1
881,1,0,e-,0.0797962,Target,-1
881,1,0,e-,0,Target,-1
882,1,0,e-,0.963967,Target,-1
882,1,0,e-,0.946264,Target,-1
882,1,0,e-,0.918207,Target,-1
882,1,0,e-,0.918207,Detector,1
883,1,0,e-,0.96854,Target,-1
883,1,0,e-,0.954464,Target,-1
883,1,0,e-,0.914359,Target,-1
883,1,0,e-,0.877643,Target,-1
883,1,0,e-,0.84928,Target,-1
883,1,0,e-,0.816508,Target,-1
883,1,0,e-,0.805783,Target,-1
883,1,0,e-,0.755927,Target,-1
883,1,0,e-,0.715908,Target,-1
883,1,0,e-,0.658076,Target,-1
883,1,0,e-,0.634184,Target,-1
883,1,0,e-,0.60133,Target,-1
883,1,0,e-,0.557526,Target,-1
883,1,0,e-,0.528286,Target,-1
883,1,0,e-,0.487773,Target,-1
883,1,0,e-,0.456814,Target,-1
883,1,0,e-,0.418329,Target,-1
883,1,0,e-,0.385966,Target,-1
883,1,0,e-,0.317213,Target,-1
883,1,0,e-,0.287823,Target,-1
883,1,0,e-,0.247157,Target,-1
883,1,0,e-,0,Target,-1
884,1,0,e-,0.928726,Target,-1
884,1,0,e-,0.909675,Target,-1
884,1,0,e-,0.860727,Target,-1
884,1,0,e-,0.825481,Target,-1
884,1,0,e-,0.803804,Target,-1
884,1,0,e-,0.803804,Detector,1
885,1,0,e-,0.376922,Target,-1
885,1,0,e-,0.320872,Target,-1
885,1,0,e-,0.249507,Target,-1
885,1,0,e-,0.192638,Target,-1
885,1,0,e-,0,Target,-1
885,2,1,gamma,0.616116,Target,-1
885,2,1,gamma,0.616116,Detector,1
886,1,0,e-,0.957254,Target,-1
886,1,0,e-,0.912771,Target,-1
886,1,0,e-,0.874763,Target,-1
886,1,0,e-,0.83299,Target,-1
886,1,0,e-,0.790068,Target,-1
886,1,0,e-,0.758553,Target,-1
886,1,0,e-,0.709916,Target,-1
886,1,0,e-,0.68581,Target,-1
886,1,0,e-,0.648838,Target,-1
886,1,0,e-,0.617442,Target,-1
886,1,0,e-,0.603781,Target,-1
886,1,0,e-,0.586314,Target,-1
886,1,0,e-,0.56406,Target,-1
886,1,0,e-,0.535182,Target,-1
886,1,0,e-,0.508617,Target,-1
886,1,0,e-,0.492714,Target,-1
886,1,0,e-,0.473706,Target,-1
886,1,0,e-,0.443012,Target,-1
886,1,0,e-,0.428653,Target,-1
886,1,0,e-,0.410888,Target,-1
886800,1,0,e-,0.96652,Target,-1
800,1,0,e-,0.924946,Target,-1
800,1,0,e-,0.904121,Target,-1
800,1,0,e-,0.878985,Target,-1
800,1,0,e-,0.846344,Target,-1
800,1,0,e-,0.803553,Target,-1
800,1,0,e-,0.772859,Target,-1
800,1,0,e-,0.748022,Target,-1
800,1,0,e-,0.720458,Target,-1
800,1,0,e-,0.686733,Target,-1
800,1,0,e-,0.638187,Target,-1
800,1,0,e-,0.60301,Target,-1
800,1,0,e-,0.556285,Target,-1
800,1,0,e-,0.533707,Target,-1
800,1,0,e-,0.507915,Target,-1
800,1,0,e-,0.481187,Target,-1
800,1,0,e-,888,1,0,e-,0.940274,Target,-1
888,1,0,e-,0.922789,Target,-1
888,1,0,e-,0.883587,Target,-1
888,1,0,e-,0.851735,Target,-1
888,1,0,e-,0.82275,Target,-1
888,1,0,e-,0.71235,Target,-1
888,1,0,e-,0.691371,Target,-1
888,1,0,e-,0.666813,Target,-1
888,1,0,e-,0.635983801,1,0,e-,0.949409,Target,-1
801,1,0,e-,0.92868,Target,-1
801,1,0,e-,0.887003,Target,-1
801,1,0,e-,0.881199,Target,-1
801,1889,1,0,e-,0.94381,Target,802,1,0,e-,0.955007,Target,-1
802,1,0,e-,0.933729,Target,-1
802,1,0,e-,0.891913,Target,-1
802,1,0,e-,0.869718,Target,-1
802,1,0,e-,0.852278,Target,-1
802,1,0,e-,0.815526,Target,-1
802,1,0,e-,0.686468,Target,-1
802,1,0,e-,0.622481,Target,-1
802,1,0,e-,0.0932895,Target,-1
802,891,1,0,e-,0.953689,Target,-1
891,1,0,e-,0.934149,Target,-1
891,1,0,e-,0.82803,1,0,e-,0.917088,Target,-1
803,1,0,e-,0.875374,Target,-1
803,1,0,e-,0.85892,1,0,e-,0.96019,Target,-1
892,1,0,e-,0.905511,Target,-1
892,1,0,e-,0.881772,Target,-1
892,1,0,e-,0.842761,Target,-1
892,1,0,e-,0.767542,Target,-1
892,1,0,e-,0.735684,Target,-1
892,1,0,e-,0.707851,Target,-1
892,1,0,e-,0.667276,Target,-1
892,1,0,e-,0.636996,Target,-1
892,1,0,e-,0.602195,Target,-1
892,1,0,e-,0.568321,Target,-1
892,1,0,e-,0.529056,Target,-1
892,1,0,e-,0.523758,Target,-1
893,1,0,e-,0.886798,Target,-1
893,1,0,e-,0.849939,Target,-1
893,1,0,e-,0.81953,Target,-1
893,1,0,e-,0.769009,Target,-1
893,1,0,e-,0.726802,Target,-1
893,1,0,e-,0.687268,Target,-1
893,1,0,e-,0.639061,Target,-1
893,1,0,e-,0.58879,Target,-1
893,1,0,e-,0.5274,Target,-1
893,1,0,e-,0.500479,Target,-1
893,1,0,e-,0.472755,Target,-1
893,1,0,e-,0.45147,Target,-1
893,1,0,e-,0.418081,Target,-1
893,1,0,e-,0.406609,Target,-1
893,1,0,e-,0.395326,Target,-1
893,1,0,e-,0.382273,Target,-1
893,1,0,e-,0.372353,Target,-1
893,1,0,e-,0.351697,Target,-1
893,1,0,e-,0.318985,Target,-1
893,1,0,e-,0.280212,Target,-1
893,1,0,e-,0.263599,Target,-1
893,1,0,e-,0.185651,Target,-1
893,1,0,e-,0.171982,Target,-1
893,1,0,e-,0.163565,Target,-1
893,1,0,e-,0.137735,Target,-1
893,1,0,e-,0,Target,-1
893,2,1,e-,0,Target,-1
894,1,0,e-,0.952101,Target,-1
894,1,0,e-,0.916483,Target,-1
894,1,0,e-,0.890343,Target,-1
894,1,0,e-,0.890343,Detector,1
895,1,0,e-,0.961711,Target,-1
895,1,0,e-,0.927731,Target,-1
895,1,0,e-,0.890795,Target,-1
895,1,0,e-,0.862489,Target,-1
895,1,0,e-,0.826977,Target,-1
895,1,0,e-,0.821256,Target,-1
895,1,0,e-,0.821256,Detector,1
896,1,0,e-,0.947802,Target,-1
896,1,0,e-,0.92537,Target,-1
896,1,0,e-,0.90064,Target,-1
896,1,0,e-,0.881972,Target,-1
896,1,0,e-,0.881972,Detector,1
897,1,0,e-,0.942019,Target,-1
897,1,0,e-,0.774478,Target,-1
897,1,0,e-,0.758243,Target,-1
897,1,0,e-,0.728114,Target,-1
897,1,0,e-,0.718073,Target,-1
897,1,0,e-,0.718073,Detector,1
897,2,1,e-,0,Target,-1
898,1,0,e-,0.913065,Target,-1
898,1,0,e-,0.884546,Target,-1
898,1,0,e-,0.869224,Target,-1
898,1,0,e-,0.868809,Target,-1
898,1,0,e-,0.868809,Detector,1
Detector,1
915,3,1,gamma,0.0556152,Target,-1
915,3,1,gamma,0.0556152,Target,-1
915,3,1,gamma,0.0556152,Detector,1
915,2,1,e-,0,Target,-1
916,1,0,e-,0.967998,Target,-1
916,1,0,e-,0.934859,Target,-1
916,1,0,e-,0.91424,Target,-1
916,1,0,e-,0.892015,Target,-1
916,1,0,e-,0.890587,Target,-1
916,1,0,e-,0.890587,Detector,1
917,1,0,e-,0.946142,Target,-1
917,1,0,e-,0.922262,Target,-1
917,1,0,e-,0.84976,Target,-1
917,1,0,e-,0.84976,Detector,1
918,1,0,e-,0.959777,Target,-1
918,1,0,e-,0.91627,Target,-1
918,1,0,e-,0.888671,Target,-1
918,1,0,e-,0.871119,Target,-1
918,1,0,e-,0.831687,Target,-1
918,1,0,e-,0.783818,Target,-1
918,1,0,e-,0.752789,Target,-1
918,1,0,e-,0.724422,Target,-1
918,1,0,e-,0.69436,Target,-1
918,1,0,e-,0.550557,Target,-1
918,1,0,e-,0.518157,Target,-1
918,1,0,e-,0.464219,Target,-1
918,1,0,e-,0.368861,Target,-1
918,1,0,e-,0.327568,Target,-1
918,1,0,e-,0.278662,Target,-1
918,1,0,e-,0.243464,Target,-1
918,1,0,e-,0.21006,Target,-1
918,1,0,e-,0.165724,Target,-1
918,1,0,e-,0,Target,-1
919,1,0,e-,0.938048,Target,-1
919,1,0,e-,0.919149,Target,-1
919,1,0,e-,0.889483,Target,-1
919,1,0,e-,0.879164,Target,-1
919,1,0,e-,0.879164,Detector,1
920,1,0,e-,0.930844,Target,-1
920,1,0,e-,0.902834,Target,-1
920,1,0,e-,0.87666,Target,-1
920,1,0,e-,0.841231,Target,-1
920,1,0,e-,0.811035,Target,-1
920,1,0,e-,0.779711,Target,-1
920,1,0,e-,0.757034,Target,-1
920,1,0,e-,0.733117,Target,-1
920,1,0,e-,0.700939,Target,-1
920,1,0,e-,0.669733,Target,-1
920,1,0,e-,0.613527,Target,-1
920,1,0,e-,0.575969,Target,-1
920,1,0,e-,0.499682,Target,-1
920,1,0,e-,0.463626,Target,-1
920,1,0,e-,0.414487,Target,-1
920,1,0,e-,0.384949,Target,-1
920,1,0,e-,0.349742,Target,-1
920,1,0,e-,0.307327,Target,-1
920,1,0,e-,0.239856,Target,-1
920,1,0,e-,0.198273,Target,-1
920,1,0,e-,0.148796,Target,-1
920,1,0,e-,0,Target,-1
920,3,1,gamma,0.0418197,Target,-1
920,3,1,gamma,0.0418197,Detector,1
920,2,1,gamma,0,Target,-1
920,4,2,e-,0,Target,-1
921,1,0,e-,0.951384,Target,-1
921,1,0,e-,0.920313,Target,-1
921,1,0,e-,0.890649,Target,-1
921,1,0,e-,0.813989,Target,-1
921,1,0,e-,0.788439,Target,-1
921,1,0,e-,0.755682,Target,-1
921,1,0,e-,0.742006,Target,-1
921,1,0,e-,0.702074,Target,-1
921,1,0,e-,0.662984,Target,-1
921,1,0,e-,0.62972,Target,-1
921,1,0,e-,0.610525,Target,-1
921,1,0,e-,0.567368,Target,-1
921,1,0,e-,0.489543,Target,-1
921,1,0,e-,0.431301,Target,-1
921,1,0,e-,0.371383,Target,-1
921,1,0,e-,0.246131,Target,-1
921,1,0,e-,0.168094,Target,-1
921,1,0,e-,0,Target,-1
921,2,1,e-,0,Target,-1
922,1,0,e-,0.982784,Target,-1
922,1,0,e-,0.947152,Target,-1
922,1,0,e-,0.911923,Target,-1
922,1,0,e-,0.891775,Target,-1
922,1,0,e-,0.891764,Target,-1
922,1,0,e-,0.891764,Detector,1
922,2,1,gamma,0,Target,-1
922,3,2,e-,0,Target,-1
923,1,0,e-,0.938387,Target,-1
923,1,0,e-,0.911528,Target,-1
923,1,0,e-,0.891482,Target,-1
923,1,0,e-,0.855058,Target,-1
923,1,0,e-,0.823726,Target,-1
923,1,0,e-,0.784341,Target,-1
923,1,0,e-,0.754114,Target,-1
923,1,0,e-,0.754114,Detector,1
924,1,0,e-,0.959419,Target,-1
924,1,0,e-,0.936546,Target,-1
924,1,0,e-,0.900826,Target,-1
924,1,0,e-,0.854211,Target,-1
924,1,0,e-,0.824579,Target,-1
924,1,0,e-,0.7791,Target,-1
924,1,0,e-,0.743339,Target,-1
924,1,0,e-,0.706112,Target,-1
924,1,0,e-,0.664967,Target,-1
924,1,0,e-,0.621108,Target,-1
924,1,0,e-,0.592577,Target,-1
924,1,0,e-,0.567361,Target,-1
924,1,0,e-,0.48531,Target,-1
924,1,0,e-,0.454906,Target,-1
924,1,0,e-,0.430723,Target,-1
924,1,0,e-,0.3977,Target,-1
924,1,0,e-,0.384102,Target,-1
925,1,0,e-,0.964925,Target,-1
925,1,0,e-,0.929798,Target,-1
925,1,0,e-,0.907583,Target,-1
925,1,0,e-,0.817492,Target,-1
925,1,0,e-,0.786713,Target,-1
925,1,0,e-,0.747554,Target,-1
925,1,0,e-,0.702438,Target,-1
925,1,0,e-,0.666857,Target,-1
925,1,0,e-,0.635856,Target,-1
925,1,0,e-,0.619757,Target,-1
925,1,0,e-,0.605319,Target,-1
925,1,0,e-,0.594469,Target,-1
925,1,0,e-,0.57839,Target,-1
925,1,0,e-,0.558467,Target,-1
925,1,0,e-,0.543788,Target,-1
925,1,0,e-,0.534119,Target,-1
925,1,0,e-,0.525391,Target,-1
925,1,0,e-,0.525391,Detector,1
926,1,0,e-,0.955773,Target,-1
926,1,0,e-,0.933652,Target,-1
926,1,0,e-,0.902012,Target,-1
926,1,0,e-,0.876023,Target,-1
926,1,0,e-,0.836806,Target,-1
926,1,0,e-,0.730944,Target,-1
926,1,0,e-,0.709083,Target,-1
926,1,0,e-,0.68449,Target,-1
926,1,0,e-,0.660844,Target,-1
926,1,0,e-,0.634205,Target,-1
926,1,0,e-,0.599706,Target,-1
926,1,0,e-,0.562829,Target,-1
926,1,0,e-,0.507804,Target,-1
926,1,0,e-,0.49923,Target,-1
926,1,0,e-,0.49923,Detector,1
926,2,1,gamma,0,Target,-1
926,3,2,e-,0,Target,-1
927,1,0,e-,0.952085,Target,-1
927,1,0,e-,0.920619,Target,-1
927,1,0,e-,0.903214,Target,-1
927,1,0,e-,0.741779,Target,-1
927,1,0,e-,0.704127,Target,-1
927,1,0,e-,0.677379,Target,-1
927,1,0,e-,0.656423,Target,-1
927,1,0,e-,0.632041,Target,-1
927,1,0,e-,0.606034,Target,-1
927,1,0,e-,0.568193,Target,-1
927,1,0,e-,0.520789,Target,-1
927,1,0,e-,0.475159,Target,-1
927,1,0,e-,0.444902,Target,-1
927,1,0,e-,0.431816,Target,-1
927,1,0,e-,0.408056,Target,-1
927,1,0,e-,0.408056,Detector,1
927,3,1,gamma,0,Target,-1
927,4,3,e-,0,Target,-1
927,2,1,e-,0.141775,Target,-1
927,2,1,e-,0.119945,Target,-1
927,2,1,e-,0.106014,Target,-1
927,2,1,e-,0.0883088,Target,-1
927,2,1,e-,0,Target,-1
928,1,0,e-,0.947936,Target,-1
928,1,0,e-,0.904434,Target,-1
928,1,0,e-,0.889342,Target,-1
928,1,0,e-,0.851819,Target,-1
928,1,0,e-,0.827875,Target,-1
928,1,0,e-,0.812476,Target,-1
928,1,0,e-,0.812476,Detector,1
929,1,0,e-,0.947647,Target,-1
929,1,0,e-,0.847558,Target,-1
929,1,0,e-,0.791008,Target,-1
929,1,0,e-,0.790996,Target,-1
929,1,0,e-,0.790996,Detector,1
et,-1
940,1,0,e-,0.926691,Target,-1
940,1,0,e-,0.894307,Target,-1
940,1,0,e-,0.875303,Target,-1
940,1,0,e-,0.794857,Target,-1
940,1,0,e-,0.742385,Target,-1
940,1,0,e-,0.723087,Target,-1
940,1,0,e-,0.689118,Target,-1
940,1,0,e-,0.648915,Target,-1
940,1,0,e-,0.618084,Target,-1
940,1,0,e-,0.573841,Target,-1
940,1,0,e-,0.532095,Target,-1
940,1,0,e-,0.505035,Target,-1
940,1,0,e-,0.503189,Target,-1
940,2,1,gamma,0,Target,-1
940,3,2,e-,0,Target,-1
941,1,0,e-,0.957605,Target,-1
941,1,0,e-,0.93198,Target,-1
941,1,0,e-,0.883526,Target,-1
941,1,0,e-,0.861917,Target,-1
941,1,0,e-,0.835461,Target,-1
941,1,0,e-,0.814121,Target,-1
941,1,0,e-,0.798068,Target,-1
942,1,0,e-,0.942631,Target,-1
942,1,0,e-,0.906137,Target,-1
942,1,0,e-,0.685182,Target,-1
942,1,0,e-,0.640571,Target,-1
942,1,0,e-,0.616733,Target,-1
942,1,0,e-,0.596934,Target,-1
942,1,0,e-,0.534179,Target,-1
942,1,0,e-,0.500918,Target,-1
942,1,0,e-,0.461272,Target,-1
942,1,0,e-,0.420892,Target,-1
942,1,0,e-,0.388162,Target,-1
942,1,0,e-,0.353069,Target,-1
942,1,0,e-,0.35179,Target,-1
942,1,0,e-,0.35179,Detector,1
942,3,1,gamma,0,Target,-1
942,4,3,e-,0,Target,-1
942,2,1,gamma,0.207051,Target,-1
942,2,1,gamma,0.207051,Detector,1
943,1,0,e-,0.972725,Target,-1
943,1,0,e-,0.939565,Target,-1
943,1,0,e-,0.919321,Target,-1
943,1,0,e-,0.890838,Target,-1
943,1,0,e-,0.850098,Target,-1
943,1,0,e-,0.812473,Target,-1
943,1,0,e-,0.472402,Target,-1
943,1,0,e-,0.422061,Target,-1
943,1,0,e-,0.388843,Target,-1
943,1,0,e-,0.328593,Target,-1
943,1,0,e-,0.267694,Target,-1
943,1,0,e-,0.21921,Target,-1
943,1,0,e-,0.112118,Target,-1
943,1,0,e-,0,Target,-1
943,2,1,e-,0.236934,Target,-1
943,2,1,e-,0,Target,-1
944,1,0,e-,0.873425,Target,-1
944,1,0,e-,0.832695,Target,-1
944,1,0,e-,0.796549,Target,-1
944,1,0,e-,0.729949,Target,-1
944,1,0,e-,0.684911,Target,-1
944,1,0,e-,0.64755,Target,-1
944,1,0,e-,0.607493,Target,-1
944,1,0,e-,0.566819,Target,-1
944,1,0,e-,0.521057,Target,-1
944,1,0,e-,0.467873,Target,-1
944,1,0,e-,0.43352,Target,-1
944,1,0,e-,0.401125,Target,-1
944,1,0,e-,0.366459,Target,-1
944,1,0,e-,0.351889,Target,-1
944,1,0,e-,0.319216,Target,-1
944,1,0,e-,0.311551,Target,-1
944,1,0,e-,0.297278,Target,-1
944,1,0,e-,0.282832,Target,-1
944,1,0,e-,0.282699,Target,-1
944,2,1,e-,0,Target,-1
945,1,0,e-,0.94431,Target,-1
945,1,0,e-,0.912628,Target,-1
945,1,0,e-,0.890547,Target,-1
945,1,0,e-,0.856815,Target,-1
945,1,0,e-,0.844663,Target,-1
945,1,0,e-,0.818118,Target,-1
945,1,0,e-,0.790211,Target,-1
945,1,0,e-,0.74462,Target,-1
945,1,0,e-,0.717932,Target,-1
945,1,0,e-,0.690802,Target,-1
945,1,0,e-,0.634358,Target,-1
945,1,0,e-,0.595837,Target,-1
945,1,0,e-,0.595837,Detector,1
946,1,0,e-,0.945325,Target,-1
946,1,0,e-,0.926315,Target,-1
946,1,0,e-,0.893724,Target,-1
946,1,0,e-,0.863924,Target,-1
946,1,0,e-,0.863924,Detector,1
947,1,0,e-,0.938911,Target,-1
947,1,0,e-,0.901717,Target,-1
947,1,0,e-,0.873905,Target,-1
947,1,0,e-,0.839239,Target,-1
947,1,0,e-,0.792199,Target,-1
947,1,0,e-,0.707864,Target,-1
947,1,0,e-,0.671525,Target,-1
947,1,0,e-,0.640943,Target,-1
947,1,0,e-,0.608011,Target,-1
947,1,0,e-,0.581613,Target,-1
947,1,0,e-,0.542563,Target,-1
947,1,0,e-,0.50757,Target,-1
947,1,0,e-,0.450034,Target,-1
947,1,0,e-,0.323669,Target,-1
947,1,0,e-,0.294115,Target,-1
947,1,0,e-,0.235483,Target,-1
947,1,0,e-,0.196987,Target,-1
947,1,0,e-,0.00982478,Target,-1
947,1,0,e-,0,Target,-1
947,2,1,gamma,0.174699,Target,-1
947,2,1,gamma,0.174699,Detector,1
948,1,0,e-,0.942292,Target,-1
948,1,0,e-,0.915081,Target,-1
948,1,0,e-,0.879492,Target,-1
948,1,0,e-,0.861754,Target,-1
948,1,0,e-,0.834366,Target,-1
948,1,0,e-,0.830797,Target,-1
948,1,0,e-,0.830797,Detector,1
949,1,0,e-,0.915629,Target,-1
949,1,0,e-,0.865105,Target,-1
949,1,0,e-,0.837702,Target,-1
949,1,0,e-,0.808353,Target,-1
949,1,0,e-,0.788035,Target,-1
949,1,0,e-,0.774596,Target,-1
949,1,0,e-,0.735385,Target,-1
949,1,0,e-,0.703867,Target,-1
949,1,0,e-,0.652194,Target,-1
949,1,0,e-,0.640945,Target,-1
949,1,0,e-,0.624192,Target,-1
949,1,0,e-,0.587302,Target,-1
949,1,0,e-,0.574758,Target,-1
949,1,0,e-,0.560407,Target,-1
949,1,0,e-,0.533717,Target,-1
949,1,0,e-,0.520555,Target,-1
949,1,0,e-,0.509946,Target,-1
949,1,0,e-,0.485732,Target,-1
949,1,0,e-,0.474832,Target,-1
949,1,0,e-,0.462077,Target,-1
949,1,0,e-,0.440971,Target,-1
949,1,0,e-,0.431701,Target,-1
949,1,0,e-,0.431701,Detector,1
950,1,0,e-,0.972649,Target,-1
950,1,0,e-,0.949388,Target,-1
950,1,0,e-,0.917513,Target,-1
950,1,0,e-,0.876448,Target,-1
950,1,0,e-,0.841838,Target,-1
950,1,0,e-,0.820343,Target,-1
950,1,0,e-,0.799019,Target,-1
950,1,0,e-,0.765183,Target,-1
950,1,0,e-,0.736554,Target,-1
950,1,0,e-,0.708099,Target,-1
950,1,0,e-,0.663731,Target,-1
950,1,0,e-,0.631884,Target,-1
950,1,0,e-,0.631555,Target,-1
950,1,0,e-,0.631555,Detector,1
951,1,0,e-,0.951224,Target,-1
951,1,0,e-,0.910245,Target,-1
951,1,0,e-,0.865532,Target,-1
951,1,0,e-,0.670125,Target,-1
951,1,0,e-,0.670023,Target,-1
951,1,0,e-,0.670023,Detector,1
951,2,1,e-,0.158617,Target,-1
951,2,1,e-,0.158617,Detector,1
952,1,0,e-,0.945333,Target,-1
952,1,0,e-,0.913628,Target,-1
952,1,0,e-,0.891278,Target,-1
952,1,0,e-,0.891278,Detector,1
953,1,0,e-,0.964713,Target,-1
953,1,0,e-,0.938046,Target,-1
953,1,0,e-,0.912437,Target,-1
953,1,0,e-,0.909112,Target,-1
953,1,0,e-,0.909112,Detector,1
954,1,0,e-,0.957448,Target,-1
954,1,0,e-,0.928825,Target,-1
954,1,0,e-,0.898494,Target,-1
954,1,0,e-,0.892667,Target,-1
954,1,0,e-,0.866182,Target,-1
954,1,0,e-,0.866182,Target,-1
954,1,0,e-,0.866182,Detector,1
955,1,0,e-,0.942364,Target,-1
955,1,0,e-,0.905522,Target,-1
955,1,0,e-,0.872607,Target,-1
955,1,0,e-,0.856744,Target,-1
955,1,0,e-,0.834979,Target,-1
955,1,0,e-,0.817542,Target,-1
955,1,0,e-,0.780631,Target,-1
955,1,0,e-,0.741798,Target,-1
955,1,0,e-,0.721251,Target,-1
955,1,0,e-,0.671479,Target,-1
955,1,0,e-,0.664996,Target,-1
955,1,0,e-,0.664996,Detector,1
956,1,0,e-,0.949172,Target,-1
956,1,0,e-,0.89912,Target,-1
956,1,0,e-,0.851982,Target,-1
956,1,0,e-,0.810768,Target,-1
956,1,0,e-,0.784447,Target,-1
956,1,0,e-,0.761305,Target,-1
956,1,0,e-,0.744549,Target,-1
956,1,0,e-,0.739611,Target,-1
956,1,0,e-,0.716104,Target,-1
956,1,0,e-,0.698118,Target,-1
956,1,0,e-,0.68298,Target,-1
956,1,0,e-,0.660669,Target,-1
956,1,0,e-,0.623522,Target,-1
956,1,0,e-,0.576996,Target,-1
956,1,0,e-,0.547635,Target,-1
956,1,0,e-,0.521651,Target,-1
956,1,0,e-,0.477829,Target,-1
956,1,0,e-,0.422377,Target,-1
956,1,0,e-,0.364965,Target,-1
956,1,0,e-,0.332758,Target,-1
956,1,0,e-,0.314028,Target,-1
956,1,0,e-,0.291656,Target,-1
956,1,0,e-,0.260563,Target,-1
956,1,0,e-,0.221814,Target,-1
956,1,0,e-,0.18699,Target,-1
956,1,0,e-,0.145734,Target,-1
956,1,0,e-,0,Target,-1
957,1,0,e-,0.954459,Target,-1
957,1,0,e-,0.915046,Target,-1
957,1,0,e-,0.882447,Target,-1
958,1,0,e-,0.969725,Target,-1
958,1,0,e-,0.951343,Target,-1
958,1,0,e-,0.91228,Target,-1
958,1,0,e-,0.91228,Detector,1
959,1,0,e-,0.957681,Target,-1
959,1,0,e-,0.934077,Target,-1
959,1,0,e-,0.897565,Target,-1
959,1,0,e-,0.874225,Target,-1
959,1,0,e-,0.85012,Target,-1
959,1,0,e-,0.849878,Target,-1
959,1,0,e-,0.849878,Detector,1
960,1,0,e-,0.958866,Target,-1
960,1,0,e-,0.831663,Target,-1
960,1,0,e-,0.817884,Target,-1
960,1,0,e-,0.757512,Target,-1
960,1,0,e-,0.757512,Detector,1
960,2,1,e-,0,Target,-1
897539,Target,-1
774,1,0,e-,0.88627,Target,-1
774,1,0,e-,0.88627,Detector,1
992,1,0,e-,0.963277,Target,-1
992,1,0,e-,0.933689,Target,-1
992,1,0,e-,0.889449,Target,-1
992,1,0,e-,0.865868,Target,-1
992,1,0,e-,0.829981,Target,-1
992,1,0,e-,0.654788,Target,-1
992,1,0,e-,0.609317,Target,-1
992,1,0,e-,0.587551,Target,-1
992,1,0,e-,0.553747,Target,-1
992,1,0,e-,0.553186,Target,-1
992,2,1,e-,0,Target,-1
993,1,0,e-,0.942147,Target,-1
993,1,0,e-,0.913756,Target,-1
993,1,0,e-,0.881689,Target,-1
993,1,0,e-,0.846596,Target,-1
993,1,0,e-,0.79766,Target,-1
993,1,0,e-,0.771611,Target,-1
993,1,0,e-,0.752294,Target,-1
993,1,0,e-,0.712443,Target,-1
993,1,0,e-,0.688988,Target,-1
993,1,0,e-,0.656553,Target,-1
993,1,0,e-,0.634206,Target,-1
993,1,0,e-,0.595536,Target,-1
993,1,0,e-,0.558019,Target,-1
993,1,0,e-,0.520408,Target,-1
993,1,0,e-,0.492205,Target,-1
993,1,0,e-,0.474009,Target,-1
993,1,0,e-,0.442298,Target,-1
993,1,0,e-,0.398496,Target,-1
993,1,0,e-,0.340977,Target,-1
993,1,0,e-,0.298813,Target,-1
993,1,0,e-,0.248957,Target,-1
993,1,0,e-,0.176184,Target,-1
993,1,0,e-,0,Target,-1
994,1,0,e-,0.93615,Target,-1
994,1,0,e-,0.904531,Target,-1
994,1,0,e-,0.885483,Target,-1
994,1,0,e-,0.885483,Detector,1
995,1,0,e-,0.961558,Target,-1
995,1,0,e-,0.909102,Target,-1
995,1,0,e-,0.884831,Target,-1
995,1,0,e-,0.851757,Target,-1
995,1,0,e-,0.818179,Target,-1
995,1,0,e-,0.792823,Target,-1
995,1,0,e-,0.78493,Target,-1
995,1,0,e-,0.78493,Detector,1
995,2,1,gamma,0,Target,-1
995,3,2,e-,0,Target,-1
996,1,0,e-,0.946123,Target,-1
996,1,0,e-,0.926376,Target,-1
996,1,0,e-,0.902468,Target,-1
996,1,0,e-,0.877099,Target,-1
996,1,0,e-,0.852841,Target,-1
996,1,0,e-,0.825482,Target,-1
996,1,0,e-,0.80274,Target,-1
996,1,0,e-,0.782678,Target,-1
996,1,0,e-,0.731437,Target,-1
996,1,0,e-,0.690055,Target,-1
996,1,0,e-,0.666678,Target,-1
996,1,0,e-,0.645627,Target,-1
996,1,0,e-,0.609836,Target,-1
996,1,0,e-,0.580546,Target,-1
996,1,0,e-,0.538478,Target,-1
996,1,0,e-,0.483313,Target,-1
996,1,0,e-,0.454101,Target,-1
996,1,0,e-,0.416127,Target,-1
996,1,0,e-,0.373705,Target,-1
996,1,0,e-,0.342771,Target,-1
996,1,0,e-,0.317504,Target,-1
996,1,0,e-,0.273293,Target,-1
996,1,0,e-,0.202484,Target,-1
996,1,0,e-,0.202364,Target,-1
997,1,0,e-,0.958257,Target,-1
997,1,0,e-,0.936886,Target,-1
997,1,0,e-,0.869834,Target,-1
997,1,0,e-,0.833634,Target,-1
997,1,0,e-,0.791501,Target,-1
997,1,0,e-,0.791501,Detector,1
998,1,0,e-,0.95379,Target,-1
998,1,0,e-,0.926386,Target,-1
998,1,0,e-,0.903441,Target,-1
998,1,0,e-,0.861806,Target,-1
998,1,0,e-,0.831095,Target,-1
998,1,0,e-,0.801631,Target,-1
998,1,0,e-,0.780765,Target,-1
998,1,0,e-,0.768471,Target,-1
998,1,0,e-,0.768471,Detector,1
998,2,1,gamma,0.00828937,Target,-1
998,2,1,gamma,0,Target,-1
998,3,2,e-,0,Target,-1
999,1,0,e-,0.949848,Target,-1
999,1,0,e-,0.91984,Target,-1
999,1,0,e-,0.890919,Target,-1
999,1,0,e-,0.777903,Target,-1
999,1,0,e-,0.759504,Target,-1
999,1,0,e-,0.759504,Detector,1
999,2,1,gamma,0.034156,Target,-1
999,2,1,gamma,0.034156,Detector,1
,0.585542,Target,-1
223,1,0,e-,0.540843,Target,-1
223,1,0,e-,0.505258,Target,-1
223,1,0,e-,0.480556,Target,-1
223,1,0,e-,0.433054,Target,-1
223,1,0,e-,0.396204,Target,-1
223,1,0,e-,0.35318,Target,-1
223,1,0,e-,0.242091,Target,-1
223,1,0,e-,0,Target,-1
223,4,1,e-,0,Target,-1
223,3,1,gamma,0,Target,-1
223,5,3,e-,0,Target,-1
223,2,1,e-,0,Target,-1
224,1,0,e-,0.942875,Target,-1
224,1,0,e-,0.921506,Target,-1
224,1,0,e-,0.895193,Target,-1
224,1,0,e-,0.815022,Target,-1
224,1,0,e-,0.787683,Target,-1
224,1,0,e-,0.763187,Target,-1
224,1,0,e-,0.730607,Target,-1
224,1,0,e-,0.700857,Target,-1
224,1,0,e-,0.65819,Target,-1
224,1,0,e-,0.613508,Target,-1
224,1,0,e-,0.558791,Target,-1
224,1,0,e-,0.538355,Target,-1
224,1,0,e-,0.488077,Target,-1
224,1,0,e-,0.454105,Target,-1
224,1,0,e-,0.425659,Target,-1
224,1,0,e-,0.36987,Target,-1
224,1,0,e-,0.341045,Target,-1
224,1,0,e-,0.241888,Target,-1
224,1,0,e-,0.15658,Target,-1
224,1,0,e-,0,Target,-1
224,2,1,gamma,0,Target,-1
224,3,2,e-,0,Target,-1
225,1,0,e-,0.92781,Target,-1
225,1,0,e-,0.894472,Target,-1
225,1,0,e-,0.846342,Target,-1
225,1,0,e-,0.803098,Target,-1
225,1,0,e-,0.759757,Target,-1
225,1,0,e-,0.743264,Target,-1
225,1,0,e-,0.685808,Target,-1
225,1,0,e-,0.657272,Target,-1
225,1,0,e-,0.620136,Target,-1
225,1,0,e-,0.593592,Target,-1
225,1,0,e-,0.574818,Target,-1
225,1,0,e-,0.574818,Detector,1
226,1,0,e-,0.555451,Target,-1
226,1,0,e-,0.52543,Target,-1
226,1,0,e-,0.451631,Target,-1
226,1,0,e-,0.414364,Target,-1
226,1,0,e-,0.393467,Target,-1
226,1,0,e-,0.303815,Target,-1
226,1,0,e-,0.233576,Target,-1
226,1,0,e-,0.070602,Target,-1
226,1,0,e-,0,Target,-1
226,3,1,gamma,0,Target,-1
226,4,3,e-,0,Target,-1
226,2,1,e-,0.350502,Target,-1
226,2,1,e-,0.308848,Target,-1
226,2,1,e-,0.263498,Target,-1
226,2,1,e-,0.202539,Target,-1
226,2,1,e-,0.169193,Target,-1
226,2,1,e-,0.144042,Target,-1
226,2,1,e-,0,Target,-1
226,5,2,gamma,0,Target,-1
226,6,5,e-,0,Target,-1
227,1,0,e-,0.934539,Target,-1
227,1,0,e-,0.800274,Target,-1
227,1,0,e-,0.770071,Target,-1
227,1,0,e-,0.76121,Target,-1
227,1,0,e-,0.731452,Target,-1
227,1,0,e-,0.708682,Target,-1
227,1,0,e-,0.668173,Target,-1
227,1,0,e-,0.653517,Target,-1
227,1,0,e-,0.632144,Target,-1
227,1,0,e-,0.593542,Target,-1
227,1,0,e-,0.557921,Target,-1
227,1,0,e-,0.517711,Target,-1
227,1,0,e-,0.492797,Target,-1
227,1,0,e-,0.477509,Target,-1
227,1,0,e-,0.44518,Target,-1
227,1,0,e-,0.425171,Target,-1
227,1,0,e-,0.410437,Target,-1
227,1,0,e-,0.407867,Target,-1
227,1,0,e-,0.407867,Detector,1
227,2,1,gamma,0.116217,Target,-1
227,2,1,gamma,0.116217,Detector,1
228,1,0,e-,0.796333,Target,-1
228,1,0,e-,0.707842,Target,-1
228,1,0,e-,0.634472,Target,-1
228,1,0,e-,0.60122,Target,-1
228,1,0,e-,0.555875,Target,-1
228,1,0,e-,0.515949,Target,-1
228,1,0,e-,0.482794,Target,-1
228,1,0,e-,0.452124,Target,-1
228,1,0,e-,0.451203,Target,-1
228,1,0,e-,0.451203,Detector,1
228,2,1,e-,0.180628,Target,-1
228,2,1,e-,0,Target,-1
228,3,2,gamma,0,Target,-1
228,4,3,e-,0,Target,-1
229,1,0,e-,0.751031,Target,-1
229,1,0,e-,0.715859,Target,-1
229,1,0,e-,0.632052,Target,-1
229,1,0,e-,0.59352,Target,-1
229,1,0,e-,0.559054,Target,-1
229,1,0,e-,0.531991,Target,-1
229,1,0,e-,0.511639,Target,-1
229,1,0,e-,0.480223,Target,-1
229,1,0,e-,0.454595,Target,-1
229,1,0,e-,0.437519,Target,-1
229,1,0,e-,0.41457,Target,-1
229,1,0,e-,0.38703,Target,-1
229,1,0,e-,0.301685,Target,-1
229,1,0,e-,0.258001,Target,-1
229,1,0,e-,0.187951,Target,-1
229,1,0,e-,0.122542,Target,-1
229,1,0,e-,0.122123,Target,-1
229,1,0,e-,0.122123,Detector,1
229,2,1,e-,0,Target,-1
230,1,0,e-,0.946335,Target,-1
230,1,0,e-,0.917014,Target,-1
230,1,0,e-,0.845756,Target,-1
230,1,0,e-,0.809654,Target,-1
230,1,0,e-,0.779289,Target,-1
230,1,0,e-,0.779289,Detector,1
231,1,0,e-,0.974936,Target,-1
231,1,0,e-,0.919054,Target,-1
231,1,0,e-,0.895226,Target,-1
231,1,0,e-,0.863014,Target,-1
231,1,0,e-,0.863014,Target,-1
231,1,0,e-,0.863014,Detector,1
232,1,0,e-,0.962554,Target,-1
232,1,0,e-,0.933671,Target,-1
232,1,0,e-,0.88732,Target,-1
232,1,0,e-,0.844648,Target,-1
232,1,0,e-,0.840565,Target,-1
232,1,0,e-,0.840565,Detector,1
233,1,0,e-,0.956674,Target,-1
233,1,0,e-,0.92041,Target,-1
233,1,0,e-,0.887663,Target,-1
233,1,0,e-,0.886335,Target,-1
233,1,0,e-,0.886335,Detector,1
234,1,0,e-,0.95724,Target,-1
234,1,0,e-,0.926956,Target,-1
234,1,0,e-,0.898807,Target,-1
234,1,0,e-,0.884041,Target,-1
234,1,0,e-,0.884041,Detector,1
235,1,0,e-,0.965734,Target,-1
235,1,0,e-,0.948008,Target,-1
235,1,0,e-,0.920716,Target,-1
235,1,0,e-,0.876819,Target,-1
235,1,0,e-,0.842277,Target,-1
235,1,0,e-,0.818409,Target,-1
235,1,0,e-,0.787338,Target,-1
235,1,0,e-,0.761958,Target,-1
235,1,0,e-,0.731487,Target,-1
235,1,0,e-,0.704663,Target,-1
235,1,0,e-,0.652185,Target,-1
235,1,0,e-,0.627479,Target,-1
235,1,0,e-,0.60651,Target,-1
235,1,0,e-,0.570435,Target,-1
235,1,0,e-,0.568195,Target,-1
235,1,0,e-,0.568195,Detector,1
236,1,0,e-,0.95245,Target,-1
236,1,0,e-,0.932995,Target,-1
236,1,0,e-,0.902658,Target,-1
236,1,0,e-,0.886106,Target,-1
236,1,0,e-,0.850819,Target,-1
236,1,0,e-,0.83557,Target,-1
236,1,0,e-,0.789198,Target,-1
236,1,0,e-,0.763208,Target,-1
236,1,0,e-,0.731971,Target,-1
236,1,0,e-,0.718638,Target,-1
236,1,0,e-,0.718638,Detector,1
237,1,0,e-,0.944533,Target,-1
237,1,0,e-,0.909472,Target,-1
237,1,0,e-,0.878385,Target,-1
237,1,0,e-,0.861818,Target,-1
238,1,0,e-,0.933486,Target,-1
238,1,0,e-,0.88487,Target,-1
238,1,0,e-,0.865097,Target,-1
238,1,0,e-,0.806105,Target,-1
238,1,0,e-,0.778696,Target,-1
238,1,0,e-,0.744124,Target,-1
238,1,0,e-,0.721409,Target,-1
238,1,0,e-,0.695332,Target,-1
238,1,0,e-,0.664078,Target,-1
238,1,0,e-,0.633515,Target,-1
238,1,0,e-,0.58301,Target,-1
238,1,0,e-,0.550982,Target,-1
238,1,0,e-,0.52443,Target,-1
238,1,0,e-,0.478362,Target,-1
238,1,0,e-,0.446333,Target,-1
238,1,0,e-,0.416187,Target,-1
238,1,0,e-,0.416187,Detector,1
239,1,0,e-,0.954296,Target,-1
239,1,0,e-,0.924911,Target,-1
239,1,0,e-,0.906322,Target,-1
239,1,0,e-,0.528175,Target,-1
239,1,0,e-,0.482312,Target,-1
239,1,0,e-,0.428099,Target,-1
239,1,0,e-,0.384367,Target,-1
239,1,0,e-,0.332414,Target,-1
239,1,0,e-,0.185092,Target,-1
239,1,0,e-,0,Target,-1
239,3,1,e-,0,Target,-1
239,2,1,e-,0.347612,Target,-1
239,2,1,e-,0.318447,Target,-1
239,2,1,e-,0.283325,Target,-1
239,2,1,e-,0.257778,Target,-1
239,2,1,e-,0.222877,Target,-1
239,2,1,e-,0.188398,Target,-1
239,2,1,e-,0,Target,-1
240,1,0,e-,0.947221,Target,-1
240,1,0,e-,0.915741,Target,-1
240,1,0,e-,0.892849,Target,-1
240,1,0,e-,0.853367,Target,-1
240,1,0,e-,0.825062,Target,-1
240,1,0,e-,0.742306,Target,-1
240,1,0,e-,0.691153,Target,-1
240,1,0,e-,0.646403,Target,-1
240,1,0,e-,0.607946,Target,-1
240,1,0,e-,0.54182,Target,-1
240,1,0,e-,0.49824,Target,-1
240,1,0,e-,0.453173,Target,-1
240,1,0,e-,0.402771,Target,-1
240,1,0,e-,0.369895,Target,-1
240,1,0,e-,0.34664,Target,-1
240,1,0,e-,0.327896,Target,-1
240,1,0,e-,0.275157,Target,-1
240,1,0,e-,0.238126,Target,-1
240,1,0,e-,0.199521,Target,-1
240,1,0,e-,0,Target,-1
241,1,0,e-,0.942548,Target,-1
241,1,0,e-,0.916654,Target,-1
241,1,0,e-,0.891657,Target,-1
241,1,0,e-,0.862491,Target,-1
241,1,0,e-,0.806754,Target,-1
241,1,0,e-,0.782591,Target,-1
241,1,0,e-,0.753475,Target,-1
241,1,0,e-,0.72657,Target,-1
241,1,0,e-,0.712858,Target,-1
241,1,0,e-,0.68755,Target,-1
241,1,0,e-,0.657781,Target,-1
241,1,0,e-,0.637726,Target,-1
241,1,0,e-,0.588895,Target,-1
241,1,0,e-,0.547055,Target,-1
241,1,0,e-,0.530117,Target,-1
241,1,0,e-,0.423627,Target,-1
241,1,0,e-,0.390362,Target,-1
241,1,0,e-,0.380167,Target,-1
241,2,1,gamma,0.0805045,Target,-1
242,1,0,e-,0.985048,Target,-1
242,1,0,e-,0.947473,Target,-1
242,1,0,e-,0.925594,Target,-1
242,1,0,e-,0.892521,Target,-1
242,1,0,e-,0.862812,Target,-1
242,1,0,e-,0.834548,Target,-1
242,1,0,e-,0.81245,Target,-1
242,1,0,e-,0.793745,Target,-1
242,1,0,e-,0.773201,Target,-1
242,1,0,e-,0.671137,Target,-1
242,1,0,e-,0.641838,Target,-1
242,1,0,e-,0.613544,Target,-1
242,1,0,e-,0.586937,Target,-1
242,1,0,e-,0.569927,Target,-1
242,1,0,e-,0.548798,Target,-1
242,1,0,e-,0.502616,Target,-1
242,1,0,e-,0.453788,Target,-1
242,1,0,e-,0.426563,Target,-1
242,1,0,e-,0.327152,Target,-1
242,1,0,e-,0.282237,Target,-1
242,1,0,e-,0.245563,Target,-1
242,1,0,e-,0.211652,Target,-1
242,1,0,e-,0.157891,Target,-1
242,1,0,e-,0.107111,Target,-1
242,1,0,e-,0,Target,-1
242,3,1,e-,0,Target,-1
242,2,1,gamma,0,Target,-1
242,4,2,e-,0,Target,-1
243,1,0,e-,0.967367,Target,-1
243,1,0,e-,0.932457,Target,-1
243,1,0,e-,0.862745,Target,-1
243,1,0,e-,0.841618,Target,-1
243,1,0,e-,0.832568,Target,-1
243,1,0,e-,0.812955,Target,-1
243,2,1,gamma,0,Target,-1
243,3,2,e-,0,Target,-1
244,1,0,e-,0.961368,Target,-1
244,1,0,e-,0.941409,Target,-1
244,1,0,e-,0.914819,Target,-1
244,1,0,e-,0.895297,Target,-1
244,1,0,e-,0.816014,Target,-1
244,1,0,e-,0.761364,Target,-1
244,1,0,e-,0.753877,Target,-1
244,1,0,e-,0.753877,Detector,1
245,1,0,e-,0.95809,Target,-1
245,1,0,e-,0.939249,Target,-1
245,1,0,e-,0.876074,Target,-1
245,1,0,e-,0.869847,Target,-1
245,1,0,e-,0.869847,Detector,1
246,1,0,e-,0.942386,Target,-1
246,1,0,e-,0.904941,Target,-1
246,1,0,e-,0.878762,Target,-1
246,1,0,e-,0.870467,Target,-1
246,1,0,e-,0.840431,Target,-1
246,1,0,e-,0.806644,Target,-1
246,1,0,e-,0.770115,Target,-1
246,1,0,e-,0.716625,Target,-1
246,1,0,e-,0.692088,Target,-1
246,1,0,e-,0.688901,Target,-1
246,1,0,e-,0.688901,Detector,1
247,1,0,e-,0.935678,Target,-1
247,1,0,e-,0.916029,Target,-1
247,1,0,e-,0.866163,Target,-1
247,1,0,e-,0.835868,Target,-1
247,1,0,e-,0.807267,Target,-1
247,1,0,e-,0.747892,Target,-1
247,1,0,e-,0.687915,Target,-1
247,1,0,e-,0.642769,Target,-1
247,1,0,e-,0.61483,Target,-1
247,1,0,e-,0.584714,Target,-1
247,1,0,e-,0.560766,Target,-1
247,1,0,e-,0.558039,Target,-1
465,1,0,e-,0.931603,Target,-1
465,1,0,e-,0.905477,Target,-1
465,1,0,e-,0.874667,Target,-1
465,1,0,e-,0.832107,Target,-1
465,1,0,e-,0.832107,Detector,1
466,1,0,e-,0.954241,Target,-1
466,1,0,e-,0.942157,Target,-1
466,1,0,e-,0.844222,Target,-1
466,1,0,e-,0.798924,Target,-1
466,1,0,e-,0.751444,Target,-1
466,1,0,e-,0.732785,Target,-1
466,1,0,e-,0.691912,Target,-1
466,1,0,e-,0.647242,Target,-1
466,1,0,e-,0.625816,Target,-1
466,1,0,e-,0.605712,Target,-1
466,1,0,e-,0.57968,Target,-1
466,1,0,e-,0.47234,Target,-1
466,1,0,e-,0.431771,Target,-1
466,1,0,e-,0.376669,Target,-1
466,1,0,e-,0.333189,Target,-1
466,1,0,e-,0.304737,Target,-1
466,1,0,e-,0.27217,Target,-1
466,1,0,e-,0.21062,Target,-1
466,1,0,e-,0.16438,Target,-1
466,1,0,e-,0,Target,-1
467,1,0,e-,0.950209,Target,-1
467,1,0,e-,0.931231,Target,-1
467,1,0,e-,0.909507,Target,-1
467,1,0,e-,0.886938,Target,-1
467,1,0,e-,0.836011,Target,-1
467,1,0,e-,0.828175,Target,-1
467,1,0,e-,0.828175,Detector,1
468,1,0,e-,0.961841,Target,-1
468,1,0,e-,0.940297,Target,-1
468,1,0,e-,0.924164,Target,-1
468,1,0,e-,0.907902,Target,-1
468,1,0,e-,0.907902,Detector,1
468,2,1,gamma,0,Target,-1
468,3,2,e-,0,Target,-1
469,1,0,e-,0.966738,Target,-1
469,1,0,e-,0.916317,Target,-1
469,1,0,e-,0.895977,Target,-1
469,1,0,e-,0.839321,Target,-1
469,1,0,e-,0.810538,Target,-1
469,1,0,e-,0.777742,Target,-1
469,1,0,e-,0.738092,Target,-1
469,1,0,e-,0.717473,Target,-1
469,1,0,e-,0.679037,Target,-1
469,1,0,e-,0.584061,Target,-1
469,1,0,e-,0.53598,Target,-1
469,1,0,e-,0.488592,Target,-1
469,1,0,e-,0.455857,Target,-1
469,1,0,e-,0.260768,Target,-1
469,1,0,e-,0.227207,Target,-1
469,1,0,e-,0.187681,Target,-1
469,1,0,e-,0.107134,Target,-1
469,1,0,e-,0,Target,-1
469,3,1,gamma,0,Target,-1
469,4,3,e-,0,Target,-1
469,2,1,e-,0.165268,Target,-1
469,2,1,e-,0.135528,Target,-1
469,2,1,e-,0,Target,-1
470,1,0,e-,0.968087,Target,-1
470,1,0,e-,0.942073,Target,-1
470,1,0,e-,0.914909,Target,-1
470,1,0,e-,0.890659,Target,-1
470,1,0,e-,0.857789,Target,-1
470,1,0,e-,0.829482,Target,-1
470,1,0,e-,0.813139,Target,-1
470,1,0,e-,0.548963,Target,-1
470,1,0,e-,0.525114,Target,-1
470,1,0,e-,0.505257,Target,-1
470,1,0,e-,0.478017,Target,-1
470,1,0,e-,0.441586,Target,-1
470,1,0,e-,0.391794,Target,-1
470,1,0,e-,0.328336,Target,-1
470,1,0,e-,0.293334,Target,-1
470,1,0,e-,0.237477,Target,-1
470,1,0,e-,0,Target,-1
470,2,1,e-,0.229612,Target,-1
470,2,1,e-,0.176646,Target,-1
470,2,1,e-,0.160865,Target,-1
470,2,1,e-,0,Target,-1
470,4,2,gamma,0,Target,-1
470,5,4,e-,0,Target,-1
470,3,2,gamma,0,Target,-1
470,6,3,e-,0,Target,-1
471,1,0,e-,0.892054,Target,-1
471,1,0,e-,0.803374,Target,-1
471,1,0,e-,0.777929,Target,-1
471,1,0,e-,0.712186,Target,-1
471,1,0,e-,0.657577,Target,-1
471,1,0,e-,0.611445,Target,-1
471,1,0,e-,0.589068,Target,-1
471,1,0,e-,0.545115,Target,-1
471,1,0,e-,0.466095,Target,-1
471,1,0,e-,0.425817,Target,-1
471,1,0,e-,0.393472,Target,-1
471,1,0,e-,0.362261,Target,-1
471,1,0,e-,0.326423,Target,-1
471,1,0,e-,0.271063,Target,-1
471,1,0,e-,0.237147,Target,-1
471,1,0,e-,0,Target,-1
471,2,1,gamma,0,Target,-1
471,3,2,e-,0,Target,-1
472,1,0,e-,0.956111,Target,-1
472,1,0,e-,0.929766,Target,-1
472,1,0,e-,0.896124,Target,-1
472,1,0,e-,0.892467,Target,-1
472,1,0,e-,0.892467,Detector,1
473,1,0,e-,0.956047,Target,-1
473,1,0,e-,0.915158,Target,-1
473,1,0,e-,0.892716,Target,-1
473,1,0,e-,0.85267,Target,-1
473,1,0,e-,0.828721,Target,-1
473,1,0,e-,0.778209,Target,-1
473,1,0,e-,0.738878,Target,-1
473,1,0,e-,0.70911,Target,-1
473,1,0,e-,0.683886,Target,-1
473,1,0,e-,0.654354,Target,-1
473,1,0,e-,0.61542,Target,-1
473,1,0,e-,0.611887,Target,-1
473,1,0,e-,0.611887,Detector,1
474,1,0,e-,0.952214,Target,-1
474,1,0,e-,0.908336,Target,-1
474,1,0,e-,0.889849,Target,-1
474,1,0,e-,0.875435,Target,-1
474,1,0,e-,0.857295,Target,-1
474,1,0,e-,0.851146,Target,-1
474,1,0,e-,0.851146,Detector,1
475,1,0,e-,0.950114,Target,-1
475,1,0,e-,0.925561,Target,-1
475,1,0,e-,0.905569,Target,-1
475,1,0,e-,0.887721,Target,-1
475,1,0,e-,0.859448,Target,-1
475,1,0,e-,0.8322,Target,-1
475,1,0,e-,0.804138,Target,-1
475,1,0,e-,0.773707,Target,-1
475,1,0,e-,0.752778,Target,-1
475,1,0,e-,0.734152,Target,-1
475,1,0,e-,0.68576,Target,-1
475,1,0,e-,0.662764,Target,-1
475,1,0,e-,0.625075,Target,-1
475,1,0,e-,0.603169,Target,-1
475,1,0,e-,0.573532,Target,-1
475,1,0,e-,0.550368,Target,-1
475,1,0,e-,0.496307,Target,-1
475,1,0,e-,0.455747,Target,-1
475,1,0,e-,0.436161,Target,-1
475,1,0,e-,0.364709,Target,-1
475,1,0,e-,0.32729,Target,-1
475,1,0,e-,0.295114,Target,-1
475,1,0,e-,0.25139,Target,-1
475,1,0,e-,0.222064,Target,-1
475,1,0,e-,0.176923,Target,-1
475,1,0,e-,0.0163182,Target,-1
475,1,0,e-,0,Target,-1
475,3,1,gamma,0,Target,-1
475,4,3,e-,0,Target,-1
475,2,1,gamma,0,Target,-1
475,5,2,e-,0,Target,-1
476,1,0,e-,0.942764,Target,-1
476,1,0,e-,0.920726,Target,-1
476,1,0,e-,0.902019,Target,-1
476,1,0,e-,0.894451,Target,-1
476,1,0,e-,0.894451,Detector,1
477,1,0,e-,0.970312,Target,-1
477,1,0,e-,0.903646,Target,-1
477,1,0,e-,0.873619,Target,-1
477,1,0,e-,0.826332,Target,-1
477,1,0,e-,0.795725,Target,-1
477,1,0,e-,0.795725,Detector,1
477,2,1,gamma,0,Target,-1
477,3,2,e-,0,Target,-1
478,1,0,e-,0.943704,Target,-1
478,1,0,e-,0.918486,Target,-1
478,1,0,e-,0.87407,Target,-1
478,1,0,e-,0.860658,Target,-1
478,1,0,e-,0.860658,Detector,1
479,1,0,e-,0.94754,Target,-1
479,1,0,e-,0.931746,Target,-1
479,1,0,e-,0.902728,Target,-1
479,1,0,e-,0.897124,Target,-1
479,1,0,e-,0.897124,Detector,1
480,1,0,e-,0.938153,Target,-1
480,1,0,e-,0.912775,Target,-1
480,1,0,e-,0.88176,Target,-1
480,1,0,e-,0.868807,Target,-1
480,1,0,e-,0.868807,Detector,1
481,1,0,e-,0.936927,Target,-1
481,1,0,e-,0.906293,Target,-1
481,1,0,e-,0.889589,Target,-1
481,1,0,e-,0.860089,Target,-1
481,1,0,e-,0.825108,Target,-1
481,1,0,e-,0.778729,Target,-1
481,1,0,e-,0.7491,Target,-1
481,1,0,e-,0.71613,Target,-1
481,1,0,e-,0.678119,Target,-1
481,1,0,e-,0.657639,Target,-1
481,1,0,e-,0.613118,Target,-1
481,1,0,e-,0.603094,Target,-1
481,1,0,e-,0.603094,Detector,1
482,1,0,e-,0.939356,Target,-1
482,1,0,e-,0.912581,Target,-1
482,1,0,e-,0.885702,Target,-1
482,1,0,e-,0.860268,Target,-1
482,1,0,e-,0.819048,Target,-1
482,1,0,e-,0.794965,Target,-1
482,1,0,e-,0.773447,Target,-1
482,1,0,e-,0.748022,Target,-1
482,1,0,e-,0.712618,Target,-1
482,1,0,e-,0.68143,Target,-1
482,1,0,e-,0.615448,Target,-1
482,1,0,e-,0.580956,Target,-1
482,1,0,e-,0.551277,Target,-1
482,1,0,e-,0.539002,Target,-1
483,1,0,e-,0.962593,Target,-1
483,1,0,e-,0.927045,Target,-1
483,1,0,e-,0.900747,Target,-1
483,1,0,e-,0.877098,Target,-1
483,1,0,e-,0.838963,Target,-1
483,1,0,e-,0.806614,Target,-1
483,1,0,e-,0.788087,Target,-1
483,1,0,e-,0.737236,Target,-1
483,1,0,e-,0.693656,Target,-1
483,1,0,e-,0.665713,Target,-1
483,1,0,e-,0.633291,Target,-1
483,1,0,e-,0.573316,Target,-1
483,1,0,e-,0.53097,Target,-1
483,1,0,e-,0.501924,Target,-1
483,1,0,e-,0.466725,Target,-1
483,1,0,e-,0.436561,Target,-1
483,1,0,e-,0.410948,Target,-1
483,1,0,e-,0.373429,Target,-1
483,1,0,e-,0.325327,Target,-1
483,1,0,e-,0.231428,Target,-1
483,1,0,e-,0.128673,Target,-1
483,1,0,e-,0,Target,-1
483,2,1,gamma,0.0237983,Target,-1
483,2,1,gamma,0,Target,-1
483,3,2,e-,0,Target,-1
484,1,0,e-,0.645973,Target,-1
484,1,0,e-,0.60092,Target,-1
484,1,0,e-,0.575401,Target,-1
484,1,0,e-,0.547877,Target,-1
484,1,0,e-,0.521085,Target,-1
484,1,0,e-,0.48357,Target,-1
484,1,0,e-,0.442263,Target,-1
484,1,0,e-,0.399837,Target,-1
484,1,0,e-,0.32354,Target,-1
484,1,0,e-,0.297404,Target,-1
484,1,0,e-,0.264386,Target,-1
484,1,0,e-,0.1775,Target,-1
484,1,0,e-,0,Target,-1
484,2,1,e-,0.293664,Target,-1
484,2,1,e-,0.250851,Target,-1
484,2,1,e-,0.220552,Target,-1
484,2,1,e-,0.207348,Target,-1
484,2,1,e-,0.190387,Target,-1
484,2,1,e-,0.147331,Target,-1
484,2,1,e-,0,Target,-1
485,1,0,e-,0.95915,Target,-1
485,1,0,e-,0.839572,Target,-1
485,1,0,e-,0.808591,Target,-1
485,1,0,e-,0.790273,Target,-1
485,1,0,e-,0.760302,Target,-1
485,1,0,e-,0.730363,Target,-1
485,1,0,e-,0.691469,Target,-1
485,1,0,e-,0.656125,Target,-1
485,1,0,e-,0.636583,Target,-1
485,1,0,e-,0.599343,Target,-1
485,1,0,e-,0.519093,Target,-1
485,1,0,e-,0.447412,Target,-1
485,1,0,e-,0.373551,Target,-1
485,1,0,e-,0.341421,Target,-1
485,1,0,e-,0.304637,Target,-1
485,1,0,e-,0.275026,Target,-1
485,1,0,e-,0.240705,Target,-1
485,1,0,e-,0,Target,-1
485,2,1,e-,0,Target,-1
486,1,0,e-,0.94496,Target,-1
486,1,0,e-,0.906681,Target,-1
486,1,0,e-,0.888619,Target,-1
486,1,0,e-,0.85189,Target,-1
486,1,0,e-,0.85189,Detector,1
487,1,0,e-,0.957845,Target,-1
487,1,0,e-,0.926136,Target,-1
487,1,0,e-,0.902521,Target,-1
487,1,0,e-,0.876719,Target,-1
487,1,0,e-,0.846628,Target,-1
487,1,0,e-,0.845218,Target,-1
487,1,0,e-,0.845218,Detector,1
488,1,0,e-,0.943355,Target,-1
488,1,0,e-,0.916884,Target,-1
488,1,0,e-,0.896345,Target,-1
488,1,0,e-,0.866304,Target,-1
488,1,0,e-,0.843244,Target,-1
488,1,0,e-,0.843244,Detector,1
489,1,0,e-,0.959003,Target,-1
489,1,0,e-,0.933629,Target,-1
489,1,0,e-,0.907453,Target,-1
489,1,0,e-,0.892342,Target,-1
489,1,0,e-,0.848145,Target,-1
489,1,0,e-,0.828187,Target,-1
489,1,0,e-,0.828187,Detector,1
490,1,0,e-,0.949986,Target,-1
490,1,0,e-,0.908489,Target,-1
490,1,0,e-,0.882659,Target,-1
490,1,0,e-,0.882659,Detector,1
491,1,0,e-,0.954384,Target,-1
491,1,0,e-,0.923185,Target,-1
491,1,0,e-,0.848346,Target,-1
491,1,0,e-,0.825923,Target,-1
491,1,0,e-,0.802123,Target,-1
491,1,0,e-,0.77575,Target,-1
491,1,0,e-,0.742389,Target,-1
491,1,0,e-,0.72349,Target,-1
491,1,0,e-,0.666996,Target,-1
491,1,0,e-,0.639704,Target,-1
491,1,0,e-,0.588071,Target,-1
491,1,0,e-,0.551301,Target,-1
491,1,0,e-,0.522763,Target,-1
491,1,0,e-,0.498254,Target,-1
491,1,0,e-,0.329372,Target,-1
491,1,0,e-,0.295415,Target,-1
491,1,0,e-,0.240771,Target,-1
491,1,0,e-,0.213673,Target,-1
491,1,0,e-,0.175092,Target,-1
491,1,0,e-,0,Target,-1
491,2,1,e-,0,Target,-1
492,1,0,e-,0.753785,Target,-1
492,1,0,e-,0.689501,Target,-1
492,1,0,e-,0.484958,Target,-1
492,1,0,e-,0.465455,Target,-1
492,1,0,e-,0.417424,Target,-1
492,1,0,e-,0.373495,Target,-1
492,1,0,e-,0.345071,Target,-1
492,1,0,e-,0.308601,Target,-1
492,1,0,e-,0.258125,Target,-1
492,1,0,e-,0.254091,Target,-1
492,1,0,e-,0.254091,Detector,1
492,3,1,e-,0,Target,-1
492,2,1,e-,0,Target,-1
493,1,0,e-,0.912072,Target,-1
493,1,0,e-,0.888739,Target,-1
493,1,0,e-,0.858136,Target,-1
493,1,0,e-,0.855505,Target,-1
493,1,0,e-,0.855505,Detector,1
494,1,0,e-,0.971272,Target,-1
494,1,0,e-,0.937339,Target,-1
494,1,0,e-,0.916207,Target,-1
494,1,0,e-,0.892526,Target,-1
494,1,0,e-,0.848284,Target,-1
494,1,0,e-,0.821259,Target,-1
494,1,0,e-,0.791262,Target,-1
494,1,0,e-,0.676026,Target,-1
494,1,0,e-,0.651854,Target,-1
494,1,0,e-,0.631004,Target,-1
494,1,0,e-,0.591915,Target,-1
494,1,0,e-,0.570785,Target,-1
494,1,0,e-,0.526503,Target,-1
494,1,0,e-,0.464198,Target,-1
494,1,0,e-,0.440777,Target,-1
494,1,0,e-,0.408412,Target,-1
494,1,0,e-,0.366364,Target,-1
494,1,0,e-,0.327812,Target,-1
494,1,0,e-,0.308038,Target,-1
494,1,0,e-,0.308038,Detector,1
494,2,1,gamma,0,Target,-1
494,3,2,e-,0,Target,-1
495,1,0,e-,0.965875,Target,-1
495,1,0,e-,0.930404,Target,-1
495,1,0,e-,0.897918,Target,-1
495,1,0,e-,0.866828,Target,-1
495,1,0,e-,0.841819,Target,-1
495,1,0,e-,0.771153,Target,-1
495,1,0,e-,0.562392,Target,-1
495,1,0,e-,0.529736,Target,-1
495,1,0,e-,0.49191,Target,-1
495,1,0,e-,0.464945,Target,-1
495,1,0,e-,0.364053,Target,-1
495,1,0,e-,0.305371,Target,-1
495,1,0,e-,0.270026,Target,-1
495,1,0,e-,0.211546,Target,-1
495,1,0,e-,0,Target,-1
495,2,1,e-,0,Target,-1
713,1,0,e-,0.947964,Target,-1
713,1,0,e-,0.911292,Target,-1
713,1,0,e-,0.88533,Target,-1
713,1,0,e-,0.856334,Target,-1
713,1,0,e-,0.838147,Target,-1
713,1,0,e-,0.838147,Detector,1
714,1,0,e-,0.91755,Target,-1
714,1,0,e-,0.888461,Target,-1
714,1,0,e-,0.854591,Target,-1
714,1,0,e-,0.83714,Target,-1
714,1,0,e-,0.83714,Detector,1
715,1,0,e-,0.968931,Target,-1
715,1,0,e-,0.939236,Target,-1
715,1,0,e-,0.898132,Target,-1
715,1,0,e-,0.870459,Target,-1
715,1,0,e-,0.869972,Target,-1
715,1,0,e-,0.869972,Detector,1
716,1,0,e-,0.964951,Target,-1
716,1,0,e-,0.940837,Target,-1
716,1,0,e-,0.911687,Target,-1
716,1,0,e-,0.870852,Target,-1
716,1,0,e-,0.843958,Target,-1
716,1,0,e-,0.811763,Target,-1
716,1,0,e-,0.601439,Target,-1
716,1,0,e-,0.563148,Target,-1
716,1,0,e-,0.393235,Target,-1
716,1,0,e-,0.356506,Target,-1
716,1,0,e-,0.319202,Target,-1
716,1,0,e-,0.265873,Target,-1
716,1,0,e-,0.231754,Target,-1
716,1,0,e-,0.194277,Target,-1
716,1,0,e-,0,Target,-1
716,3,1,e-,0.121866,Target,-1
716,3,1,e-,0,Target,-1
716,2,1,gamma,0,Target,-1
716,4,2,e-,0,Target,-1
717,1,0,e-,0.951955,Target,-1
717,1,0,e-,0.92424,Target,-1
717,1,0,e-,0.897642,Target,-1
717,1,0,e-,0.879315,Target,-1
717,1,0,e-,0.863645,Target,-1
717,1,0,e-,0.817082,Target,-1
717,1,0,e-,0.771336,Target,-1
717,1,0,e-,0.759284,Target,-1
717,1,0,e-,0.736626,Target,-1
717,1,0,e-,0.668951,Target,-1
717,1,0,e-,0.612519,Target,-1
717,1,0,e-,0.58172,Target,-1
717,1,0,e-,0.553866,Target,-1
717,1,0,e-,0.523845,Target,-1
717,1,0,e-,0.510131,Target,-1
717,1,0,e-,0.500004,Target,-1
717,1,0,e-,0.47864,Target,-1
717,1,0,e-,0.462926,Target,-1
717,1,0,e-,0.457791,Target,-1
717,1,0,e-,0.446092,Target,-1
717,1,0,e-,0.421669,Target,-1
717,1,0,e-,0.399104,Target,-1
717,1,0,e-,0.359696,Target,-1
717,1,0,e-,0.335869,Target,-1
717,1,0,e-,0.268279,Target,-1
717,1,0,e-,0.188961,Target,-1
717,1,0,e-,0,Target,-1
718,1,0,e-,0.950591,Target,-1
718,1,0,e-,0.923286,Target,-1
718,1,0,e-,0.901165,Target,-1
718,1,0,e-,0.841644,Target,-1
718,1,0,e-,0.809116,Target,-1
718,1,0,e-,0.771957,Target,-1
718,1,0,e-,0.741659,Target,-1
718,1,0,e-,0.700697,Target,-1
718,1,0,e-,0.658995,Target,-1
718,1,0,e-,0.615452,Target,-1
718,1,0,e-,0.350169,Target,-1
718,1,0,e-,0.312926,Target,-1
718,1,0,e-,0.288029,Target,-1
718,2,1,e-,0.1983,Target,-1
718,2,1,e-,0.184974,Target,-1
718,2,1,e-,0.178612,Target,-1
718,2,1,e-,0.131043,Target,-1
718,2,1,e-,0.0999792,Target,-1
718,2,1,e-,0.0915548,Target,-1
718,2,1,e-,0.0802194,Target,-1
718,2,1,e-,0.0684017,Target,-1
718,2,1,e-,0.0505787,Target,-1
718,2,1,e-,0.0335709,Target,-1
718,2,1,e-,0,Target,-1
719,1,0,e-,0.946099,Target,-1
719,1,0,e-,0.931952,Target,-1
719,1,0,e-,0.893263,Target,-1
719,1,0,e-,0.246298,Target,-1
719,1,0,e-,0,Target,-1
719,2,1,gamma,0.646965,Target,-1
719,2,1,gamma,0.646965,Detector,1
720,1,0,e-,0.956523,Target,-1
720,1,0,e-,0.936412,Target,-1
720,1,0,e-,0.90656,Target,-1
720,1,0,e-,0.879924,Target,-1
720,1,0,e-,0.860688,Target,-1
720,1,0,e-,0.834224,Target,-1
720,1,0,e-,0.791393,Target,-1
720,1,0,e-,0.779302,Target,-1
720,1,0,e-,0.730855,Target,-1
720,1,0,e-,0.684049,Target,-1
720,1,0,e-,0.642406,Target,-1
720,1,0,e-,0.617785,Target,-1
720,1,0,e-,0.590858,Target,-1
720,1,0,e-,0.560214,Target,-1
720,1,0,e-,0.527274,Target,-1
720,1,0,e-,0.500455,Target,-1
720,1,0,e-,0.461241,Target,-1
720,1,0,e-,0.426703,Target,-1
720,1,0,e-,0.388132,Target,-1
720,1,0,e-,0.356437,Target,-1
720,1,0,e-,0.341865,Target,-1
720,1,0,e-,0.334426,Target,-1
720,1,0,e-,0.310824,Target,-1
720,1,0,e-,0.303436,Target,-1
720,1,0,e-,0.293682,Target,-1
720,1,0,e-,0.279991,Target,-1
720,1,0,e-,0.271851,Target,-1
720,1,0,e-,0.269888,Target,-1
720,2,1,gamma,0,Target,-1
720,3,2,e-,0,Target,-1
721,1,0,e-,0.867767,Target,-1
721,1,0,e-,0.827626,Target,-1
721,1,0,e-,0.804051,Target,-1
721,1,0,e-,0.762899,Target,-1
721,1,0,e-,0.74082,Target,-1
721,1,0,e-,0.715725,Target,-1
721,1,0,e-,0.595251,Target,-1
721,1,0,e-,0.549457,Target,-1
721,1,0,e-,0.501308,Target,-1
721,1,0,e-,0.480898,Target,-1
721,1,0,e-,0.423234,Target,-1
721,1,0,e-,0.369897,Target,-1
721,1,0,e-,0.322087,Target,-1
721,1,0,e-,0.274633,Target,-1
721,1,0,e-,0.18782,Target,-1
721,1,0,e-,0,Target,-1
721,4,1,e-,0,Target,-1
721,3,1,gamma,0.0186592,Target,-1
721,3,1,gamma,0,Target,-1
721,5,3,e-,0,Target,-1
721,2,1,gamma,0.122868,Target,-1
721,2,1,gamma,0.122868,Detector,1
722,1,0,e-,0.944646,Target,-1
722,1,0,e-,0.91738,Target,-1
722,1,0,e-,0.89954,Target,-1
722,1,0,e-,0.89954,Detector,1
723,1,0,e-,0.930921,Target,-1
723,1,0,e-,0.855006,Target,-1
723,1,0,e-,0.821725,Target,-1
723,1,0,e-,0.788243,Target,-1
723,1,0,e-,0.725063,Target,-1
723,1,0,e-,0.686601,Target,-1
723,1,0,e-,0.663152,Target,-1
723,1,0,e-,0.623075,Target,-1
723,1,0,e-,0.593591,Target,-1
723,1,0,e-,0.567242,Target,-1
723,1,0,e-,0.540421,Target,-1
723,1,0,e-,0.411534,Target,-1
723,1,0,e-,0.370538,Target,-1
723,1,0,e-,0.316731,Target,-1
723,1,0,e-,0.285277,Target,-1
723,1,0,e-,0.224128,Target,-1
723,1,0,e-,0.191808,Target,-1
723,1,0,e-,0,Target,-1
723,2,1,gamma,0.0757857,Target,-1
723,2,1,gamma,0.0757857,Detector,1
724,1,0,e-,0.899899,Target,-1
724,1,0,e-,0.69573,Target,-1
724,1,0,e-,0.670647,Target,-1
724,1,0,e-,0.63215,Target,-1
724,1,0,e-,0.606319,Target,-1
724,1,0,e-,0.572887,Target,-1
724,1,0,e-,0.530142,Target,-1
724,1,0,e-,0.477363,Target,-1
724,1,0,e-,0.447445,Target,-1
724,1,0,e-,0.397725,Target,-1
724,1,0,e-,0.334875,Target,-1
724,1,0,e-,0.306723,Target,-1
724,1,0,e-,0.251765,Target,-1
724,1,0,e-,0.155044,Target,-1
724,1,0,e-,0.09504,Target,-1
724,1,0,e-,0,Target,-1
724,3,1,e-,0,Target,-1
724,2,1,e-,0,Target,-1
725,1,0,e-,0.972247,Target,-1
725,1,0,e-,0.943677,Target,-1
725,1,0,e-,0.908813,Target,-1
725,1,0,e-,0.863812,Target,-1
725,1,0,e-,0.845014,Target,-1
725,1,0,e-,0.825714,Target,-1
725,1,0,e-,0.802354,Target,-1
725,1,0,e-,0.781155,Target,-1
725,1,0,e-,0.766621,Target,-1
725,1,0,e-,0.746119,Target,-1
725,1,0,e-,0.726452,Target,-1
725,1,0,e-,0.726452,Detector,1
726,1,0,e-,0.953899,Target,-1
726,1,0,e-,0.930142,Target,-1
726,1,0,e-,0.917986,Target,-1
726,1,0,e-,0.86907,Target,-1
726,1,0,e-,0.838431,Target,-1
726,1,0,e-,0.800258,Target,-1
726,1,0,e-,0.757142,Target,-1
726,1,0,e-,0.707798,Target,-1
726,1,0,e-,0.666946,Target,-1
726,1,0,e-,0.646801,Target,-1
726,1,0,e-,0.621177,Target,-1
726,1,0,e-,0.601436,Target,-1
726,1,0,e-,0.580348,Target,-1
726,1,0,e-,0.529067,Target,-1
726,1,0,e-,0.508964,Target,-1
726,1,0,e-,0.477175,Target,-1
726,1,0,e-,0.42635,Target,-1
726,1,0,e-,0.392544,Target,-1
726,1,0,e-,0.356105,Target,-1
726,1,0,e-,0.325926,Target,-1
726,1,0,e-,0.290066,Target,-1
726,1,0,e-,0.2586,Target,-1
726,1,0,e-,0.232525,Target,-1
726,1,0,e-,0.171455,Target,-1
726,1,0,e-,0.0324657,Target,-1
726,1,0,e-,0,Target,-1
726,2,1,gamma,0,Target,-1
726,3,2,e-,0,Target,-1
727,1,0,e-,0.933552,Target,-1
727,1,0,e-,0.910172,Target,-1
727,1,0,e-,0.889808,Target,-1
727,1,0,e-,0.865776,Target,-1
727,1,0,e-,0.847544,Target,-1
727,1,0,e-,0.815891,Target,-1
727,1,0,e-,0.813582,Target,-1
727,1,0,e-,0.813582,Detector,1
728,1,0,e-,0.949419,Target,-1
728,1,0,e-,0.919339,Target,-1
728,1,0,e-,0.895793,Target,-1
728,1,0,e-,0.887369,Target,-1
728,1,0,e-,0.887369,Detector,1
729,1,0,e-,0.951499,Target,-1
729,1,0,e-,0.925125,Target,-1
729,1,0,e-,0.90137,Target,-1
729,1,0,e-,0.90137,Detector,1
730,1,0,e-,0.954328,Target,-1
730,1,0,e-,0.934953,Target,-1
730,1,0,e-,0.907774,Target,-1
730,1,0,e-,0.883595,Target,-1
730,1,0,e-,0.883595,Detector,1
731,1,0,e-,0.952818,Target,-1
731,1,0,e-,0.909494,Target,-1
731,1,0,e-,0.883474,Target,-1
731,1,0,e-,0.856688,Target,-1
731,1,0,e-,0.822848,Target,-1
731,1,0,e-,0.801574,Target,-1
731,1,0,e-,0.768025,Target,-1
731,1,0,e-,0.74432,Target,-1
731,1,0,e-,0.684988,Target,-1
731,1,0,e-,0.668888,Target,-1
731,1,0,e-,0.658484,Target,-1
732,1,0,e-,0.981131,Target,-1
732,1,0,e-,0.934979,Target,-1
732,1,0,e-,0.903977,Target,-1
732,1,0,e-,0.864542,Target,-1
732,1,0,e-,0.850799,Target,-1
732,1,0,e-,0.850799,Detector,1
732,2,1,gamma,0,Target,-1
732,3,2,e-,0,Target,-1
733,1,0,e-,0.969112,Target,-1
733,1,0,e-,0.946058,Target,-1
733,1,0,e-,0.924183,Target,-1
733,1,0,e-,0.900272,Target,-1
733,1,0,e-,0.85373,Target,-1
733,1,0,e-,0.826458,Target,-1
733,1,0,e-,0.805866,Target,-1
733,1,0,e-,0.78906,Target,-1
733,1,0,e-,0.758478,Target,-1
733,1,0,e-,0.713853,Target,-1
733,1,0,e-,0.582329,Target,-1
733,1,0,e-,0.544209,Target,-1
733,1,0,e-,0.508019,Target,-1
733,1,0,e-,0.482341,Target,-1
733,1,0,e-,0.438225,Target,-1
733,1,0,e-,0.390809,Target,-1
733,1,0,e-,0.295861,Target,-1
733,1,0,e-,0.260538,Target,-1
733,1,0,e-,0.202747,Target,-1
733,1,0,e-,0.165597,Target,-1
733,1,0,e-,0.0956824,Target,-1
733,1,0,e-,0,Target,-1
733,2,1,e-,0,Target,-1
734,1,0,e-,0.949085,Target,-1
734,1,0,e-,0.912414,Target,-1
734,1,0,e-,0.880852,Target,-1
734,1,0,e-,0.838502,Target,-1
734,1,0,e-,0.814544,Target,-1
734,1,0,e-,0.788706,Target,-1
734,1,0,e-,0.772951,Target,-1
734,1,0,e-,0.743959,Target,-1
734,1,0,e-,0.723618,Target,-1
734,1,0,e-,0.709795,Target,-1
734,1,0,e-,0.683242,Target,-1
734,1,0,e-,0.677573,Target,-1
734,1,0,e-,0.677573,Detector,1
734,2,1,gamma,0,Target,-1
734,3,2,e-,0,Target,-1
735,1,0,e-,0.967774,Target,-1
735,1,0,e-,0.951013,Target,-1
735,1,0,e-,0.840499,Target,-1
735,1,0,e-,0.795505,Target,-1
735,1,0,e-,0.772567,Target,-1
735,1,0,e-,0.735456,Target,-1
735,1,0,e-,0.705063,Target,-1
735,1,0,e-,0.674495,Target,-1
735,1,0,e-,0.648173,Target,-1
735,1,0,e-,0.626443,Target,-1
735,1,0,e-,0.587926,Target,-1
735,1,0,e-,0.539814,Target,-1
735,1,0,e-,0.503724,Target,-1
735,1,0,e-,0.447116,Target,-1
735,1,0,e-,0.428145,Target,-1
735,1,0,e-,0.404745,Target,-1
735,1,0,e-,0.348978,Target,-1
735,1,0,e-,0.334905,Target,-1
735,2,1,e-,0,Target,-1
736,1,0,e-,0.504816,Target,-1
736,1,0,e-,0.489925,Target,-1
736,1,0,e-,0.461014,Target,-1
736,1,0,e-,0.433329,Target,-1
736,1,0,e-,0.393649,Target,-1
736,1,0,e-,0.348697,Target,-1
736,1,0,e-,0.284324,Target,-1
736,1,0,e-,0.240694,Target,-1
736,1,0,e-,0.207972,Target,-1
736,1,0,e-,0,Target,-1
736,2,1,gamma,0.466854,Target,-1
736,2,1,gamma,0.466854,Detector,1
737,1,0,e-,0.950029,Target,-1
737,1,0,e-,0.921781,Target,-1
737,1,0,e-,0.893203,Target,-1
737,1,0,e-,0.889385,Target,-1
737,1,0,e-,0.889385,Detector,1
738,1,0,e-,0.953094,Target,-1
738,1,0,e-,0.929921,Target,-1
738,1,0,e-,0.896848,Target,-1
738,1,0,e-,0.868936,Target,-1
738,1,0,e-,0.8378,Target,-1
738,1,0,e-,0.83643,Target,-1
738,1,0,e-,0.83643,Detector,1
739,1,0,e-,0.971127,Target,-1
739,1,0,e-,0.891771,Target,-1
739,1,0,e-,0.836995,Target,-1
739,1,0,e-,0.803827,Target,-1
739,1,0,e-,0.620943,Target,-1
739,1,0,e-,0.583777,Target,-1
739,1,0,e-,0.549143,Target,-1
739,1,0,e-,0.522297,Target,-1
739,1,0,e-,0.519819,Target,-1
739,2,1,gamma,0.0802221,Target,-1
740,1,0,e-,0.935063,Target,-1
740,1,0,e-,0.899958,Target,-1
740,1,0,e-,0.861258,Target,-1
740,1,0,e-,0.834872,Target,-1
740,1,0,e-,0.793536,Target,-1
740,1,0,e-,0.791584,Target,-1
740,1,0,e-,0.791584,Detector,1
740,2,1,gamma,0,Target,-1
740,3,2,e-,0,Target,-1
741,1,0,e-,0.947195,Target,-1
741,1,0,e-,0.926778,Target,-1
741,1,0,e-,0.907675,Target,-1
741,1,0,e-,0.881289,Target,-1
741,1,0,e-,0.747772,Target,-1
741,1,0,e-,0.710281,Target,-1
741,1,0,e-,0.697454,Target,-1
741,1,0,e-,0.678299,Target,-1
741,1,0,e-,0.66715,Target,-1
741,1,0,e-,0.66715,Detector,1
742,1,0,e-,0.952006,Target,-1
742,1,0,e-,0.923228,Target,-1
742,1,0,e-,0.899348,Target,-1
742,1,0,e-,0.857518,Target,-1
742,1,0,e-,0.802328,Target,-1
742,1,0,e-,0.77387,Target,-1
742,1,0,e-,0.74054,Target,-1
742,1,0,e-,0.716082,Target,-1
742,1,0,e-,0.665988,Target,-1
742,1,0,e-,0.638269,Target,-1
742,1,0,e-,0.60736,Target,-1
742,1,0,e-,0.577437,Target,-1
742,1,0,e-,0.557326,Target,-1
743,1,0,e-,0.952076,Target,-1
743,1,0,e-,0.930172,Target,-1
743,1,0,e-,0.904571,Target,-1
743,1,0,e-,0.827734,Target,-1
743,1,0,e-,0.77583,Target,-1
743,1,0,e-,0.699573,Target,-1
743,1,0,e-,0.661497,Target,-1
743,1,0,e-,0.613321,Target,-1
743,1,0,e-,0.568365,Target,-1
743,1,0,e-,0.517021,Target,-1
743,1,0,e-,0.460635,Target,-1
743,1,0,e-,0.419958,Target,-1
743,1,0,e-,0.358907,Target,-1
743,1,0,e-,0.297363,Target,-1
743,1,0,e-,0.231449,Target,-1
743,1,0,e-,0.176691,Target,-1
743,1,0,e-,0,Target,-1
743,3,1,gamma,0,Target,-1
743,4,3,e-,0,Target,-1
743,2,1,gamma,0.054546,Target,-1
961,1,0,e-,0.937802,Target,-1
961,1,0,e-,0.793925,Target,-1
961,1,0,e-,0.774641,Target,-1
961,1,0,e-,0.73993,Target,-1
961,1,0,e-,0.699348,Target,-1
961,1,0,e-,0.64744,Target,-1
961,1,0,e-,0.623813,Target,-1
961,1,0,e-,0.605513,Target,-1
961,1,0,e-,0.567612,Target,-1
961,1,0,e-,0.534974,Target,-1
961,1,0,e-,0.49874,Target,-1
961,1,0,e-,0.446042,Target,-1
961,1,0,e-,0.407282,Target,-1
961,1,0,e-,0.374068,Target,-1
961,1,0,e-,0.342964,Target,-1
961,1,0,e-,0.315534,Target,-1
961,1,0,e-,0.285599,Target,-1
961,1,0,e-,0.229895,Target,-1
961,1,0,e-,0.179439,Target,-1
961,1,0,e-,0.16076,Target,-1
961,1,0,e-,0.155669,Target,-1
961,1,0,e-,0.153845,Target,-1
961,1,0,e-,0.152147,Target,-1
961,1,0,e-,0.14578,Target,-1
961,1,0,e-,0.140294,Target,-1
961,1,0,e-,0.138057,Target,-1
961,1,0,e-,0.134038,Target,-1
961,1,0,e-,0.134022,Target,-1
961,2,1,e-,0,Target,-1
962,1,0,e-,0.955974,Target,-1
962,1,0,e-,0.512394,Target,-1
962,1,0,e-,0.481277,Target,-1
962,1,0,e-,0.450133,Target,-1
962,1,0,e-,0.433791,Target,-1
962,1,0,e-,0.423754,Target,-1
962,1,0,e-,0.412758,Target,-1
962,1,0,e-,0.398586,Target,-1
962,1,0,e-,0.378973,Target,-1
962,1,0,e-,0.350221,Target,-1
962,1,0,e-,0.30756,Target,-1
962,1,0,e-,0.282532,Target,-1
962,1,0,e-,0.229061,Target,-1
962,1,0,e-,0.194138,Target,-1
962,1,0,e-,0,Target,-1
962,2,1,e-,0.377267,Target,-1
962,2,1,e-,0.361906,Target,-1
962,2,1,e-,0.353684,Target,-1
962,2,1,e-,0.35037,Target,-1
962,2,1,e-,0.35037,Detector,1
963,1,0,e-,0.961297,Target,-1
963,1,0,e-,0.927905,Target,-1
963,1,0,e-,0.902155,Target,-1
963,1,0,e-,0.894889,Target,-1
963,1,0,e-,0.894889,Detector,1
964,1,0,e-,0.930443,Target,-1
964,1,0,e-,0.901297,Target,-1
964,1,0,e-,0.857481,Target,-1
964,1,0,e-,0.818905,Target,-1
964,1,0,e-,0.78973,Target,-1
964,1,0,e-,0.684733,Target,-1
964,1,0,e-,0.618585,Target,-1
964,1,0,e-,0.594762,Target,-1
964,1,0,e-,0.537732,Target,-1
964,1,0,e-,0.510942,Target,-1
964,1,0,e-,0.476748,Target,-1
964,1,0,e-,0.437621,Target,-1
964,1,0,e-,0.405078,Target,-1
964,1,0,e-,0.37539,Target,-1
964,1,0,e-,0.345093,Target,-1
964,1,0,e-,0.295861,Target,-1
964,1,0,e-,0.213705,Target,-1
964,1,0,e-,0,Target,-1
964,2,1,gamma,0.0885839,Target,-1
964,2,1,gamma,0.0885839,Detector,1
965,1,0,e-,0.96192,Target,-1
965,1,0,e-,0.914616,Target,-1
965,1,0,e-,0.886624,Target,-1
965,1,0,e-,0.876057,Target,-1
965,1,0,e-,0.876057,Detector,1
966,1,0,e-,0.953201,Target,-1
966,1,0,e-,0.931314,Target,-1
966,1,0,e-,0.907198,Target,-1
966,1,0,e-,0.806044,Target,-1
966,1,0,e-,0.774404,Target,-1
966,1,0,e-,0.756443,Target,-1
966,1,0,e-,0.728815,Target,-1
966,1,0,e-,0.677606,Target,-1
966,1,0,e-,0.654698,Target,-1
966,1,0,e-,0.650481,Target,-1
966,1,0,e-,0.650481,Detector,1
967,1,0,e-,0.938419,Target,-1
967,1,0,e-,0.91549,Target,-1
967,1,0,e-,0.881066,Target,-1
967,1,0,e-,0.8571,Target,-1
967,1,0,e-,0.828875,Target,-1
967,1,0,e-,0.813118,Target,-1
967,1,0,e-,0.778536,Target,-1
967,1,0,e-,0.776695,Target,-1
967,1,0,e-,0.776695,Detector,1
968,1,0,e-,0.949313,Target,-1
968,1,0,e-,0.925024,Target,-1
968,1,0,e-,0.895744,Target,-1
968,1,0,e-,0.856992,Target,-1
968,1,0,e-,0.83197,Target,-1
968,1,0,e-,0.806265,Target,-1
968,1,0,e-,0.781893,Target,-1
968,1,0,e-,0.781163,Target,-1
968,1,0,e-,0.781163,Detector,1
969,1,0,e-,0.965434,Target,-1
969,1,0,e-,0.939405,Target,-1
969,1,0,e-,0.913074,Target,-1
969,1,0,e-,0.903528,Target,-1
969,1,0,e-,0.903528,Detector,1
970,1,0,e-,0.970308,Target,-1
970,1,0,e-,0.941897,Target,-1
970,1,0,e-,0.921923,Target,-1
970,1,0,e-,0.892947,Target,-1
970,1,0,e-,0.780024,Target,-1
970,1,0,e-,0.74955,Target,-1
970,1,0,e-,0.696895,Target,-1
970,1,0,e-,0.656606,Target,-1
970,1,0,e-,0.607582,Target,-1
970,1,0,e-,0.54694,Target,-1
970,1,0,e-,0.513797,Target,-1
970,1,0,e-,0.489973,Target,-1
970,2,1,e-,0,Target,-1
971,1,0,e-,0.951505,Target,-1
971,1,0,e-,0.925906,Target,-1
971,1,0,e-,0.879439,Target,-1
971,1,0,e-,0.836281,Target,-1
971,1,0,e-,0.802714,Target,-1
971,1,0,e-,0.779006,Target,-1
971,1,0,e-,0.744517,Target,-1
971,1,0,e-,0.716671,Target,-1
971,1,0,e-,0.270379,Target,-1
971,1,0,e-,0,Target,-1
971,2,1,gamma,0.423092,Target,-1
971,2,1,gamma,0.423092,Detector,1
972,1,0,e-,0.946221,Target,-1
972,1,0,e-,0.91521,Target,-1
972,1,0,e-,0.881183,Target,-1
972,1,0,e-,0.87435,Target,-1
972,1,0,e-,0.87435,Detector,1
973,1,0,e-,0.950026,Target,-1
973,1,0,e-,0.92627,Target,-1
973,1,0,e-,0.896262,Target,-1
973,1,0,e-,0.848685,Target,-1
973,1,0,e-,0.825843,Target,-1
973,1,0,e-,0.795923,Target,-1
973,1,0,e-,0.757758,Target,-1
973,1,0,e-,0.709974,Target,-1
973,1,0,e-,0.688095,Target,-1
973,1,0,e-,0.488642,Target,-1
973,1,0,e-,0.482892,Target,-1
973,2,1,e-,0.18807,Target,-1
973,2,1,e-,0.181949,Target,-1
973,2,1,e-,0.153206,Target,-1
973,2,1,e-,0.143379,Target,-1
973,2,1,e-,0.135258,Target,-1
973,2,1,e-,0.117596,Target,-1
973,2,1,e-,0.105036,Target,-1
973,2,1,e-,0.0980349,Target,-1
973,2,1,e-,0.0928643,Target,-1
973,2,1,e-,0.0865965,Target,-1
973,2,1,e-,0.0722462,Target,-1
973,2,1,e-,0.0637253,Target,-1
973,2,1,e-,0.0541423,Target,-1
973,2,1,e-,0,Target,-1
974,1,0,e-,0.955197,Target,-1
974,1,0,e-,0.793689,Target,-1
974,1,0,e-,0.767906,Target,-1
974,1,0,e-,0.750683,Target,-1
974,1,0,e-,0.684295,Target,-1
974,1,0,e-,0.635503,Target,-1
974,1,0,e-,0.588827,Target,-1
974,1,0,e-,0.554725,Target,-1
974,1,0,e-,0.529039,Target,-1
974,1,0,e-,0.501887,Target,-1
974,1,0,e-,0.446381,Target,-1
974,1,0,e-,0.380661,Target,-1
974,1,0,e-,0.345375,Target,-1
974,1,0,e-,0.280078,Target,-1
974,1,0,e-,0,Target,-1
974,2,1,gamma,0,Target,-1
974,3,2,e-,0,Target,-1
975,1,0,e-,0.93568,Target,-1
975,1,0,e-,0.91205,Target,-1
975,1,0,e-,0.885932,Target,-1
975,1,0,e-,0.844268,Target,-1
975,1,0,e-,0.823325,Target,-1
975,1,0,e-,0.780119,Target,-1
975,1,0,e-,0.74847,Target,-1
975,1,0,e-,0.727605,Target,-1
975,1,0,e-,0.663551,Target,-1
975,1,0,e-,0.348945,Target,-1
975,1,0,e-,0.15304,Target,-1
975,1,0,e-,0,Target,-1
975,2,1,e-,0.135105,Target,-1
975,2,1,e-,0,Target,-1
976,1,0,e-,0.958252,Target,-1
976,1,0,e-,0.936054,Target,-1
976,1,0,e-,0.907235,Target,-1
976,1,0,e-,0.874705,Target,-1
976,1,0,e-,0.841774,Target,-1
976,1,0,e-,0.813632,Target,-1
976,1,0,e-,0.779599,Target,-1
976,1,0,e-,0.727324,Target,-1
976,1,0,e-,0.694682,Target,-1
976,1,0,e-,0.693075,Target,-1
976,1,0,e-,0.693075,Detector,1
977,1,0,e-,0.939635,Target,-1
977,1,0,e-,0.893072,Target,-1
977,1,0,e-,0.855871,Target,-1
977,1,0,e-,0.823076,Target,-1
977,1,0,e-,0.781429,Target,-1
977,1,0,e-,0.758676,Target,-1
977,1,0,e-,0.734194,Target,-1
977,1,0,e-,0.734194,Detector,1
978,1,0,e-,0.950978,Target,-1
978,1,0,e-,0.935411,Target,-1
978,1,0,e-,0.907145,Target,-1
978,1,0,e-,0.870453,Target,-1
978,1,0,e-,0.83665,Target,-1
978,1,0,e-,0.796746,Target,-1
978,1,0,e-,0.768073,Target,-1
978,1,0,e-,0.74479,Target,-1
978,1,0,e-,0.725848,Target,-1
978,1,0,e-,0.697488,Target,-1
978,1,0,e-,0.661494,Target,-1
978,1,0,e-,0.610479,Target,-1
978,1,0,e-,0.55677,Target,-1
978,1,0,e-,0.524253,Target,-1
978,1,0,e-,0.487929,Target,-1
978,1,0,e-,0.478396,Target,-1
979,1,0,e-,0.393115,Target,-1
979,1,0,e-,0.337665,Target,-1
979,1,0,e-,0.318796,Target,-1
979,1,0,e-,0.285662,Target,-1
979,1,0,e-,0.246695,Target,-1
979,1,0,e-,0.243268,Target,-1
979,1,0,e-,0.243268,Detector,1
979,2,1,gamma,0.590534,Target,-1
979,2,1,gamma,0.590534,Detector,1
980,1,0,e-,0.946193,Target,-1
980,1,0,e-,0.910783,Target,-1
980,1,0,e-,0.891208,Target,-1
980,1,0,e-,0.870264,Target,-1
980,1,0,e-,0.842169,Target,-1
980,1,0,e-,0.818515,Target,-1
980,1,0,e-,0.775984,Target,-1
980,1,0,e-,0.748409,Target,-1
980,1,0,e-,0.727251,Target,-1
980,1,0,e-,0.633508,Target,-1
980,1,0,e-,0.587598,Target,-1
980,1,0,e-,0.558691,Target,-1
980,1,0,e-,0.517445,Target,-1
980,1,0,e-,0.44353,Target,-1
980,1,0,e-,0.390882,Target,-1
980,1,0,e-,0.36313,Target,-1
980,1,0,e-,0.31568,Target,-1
980,1,0,e-,0.271206,Target,-1
980,1,0,e-,0.219559,Target,-1
980,1,0,e-,0.161328,Target,-1
980,1,0,e-,0.0951455,Target,-1
980,1,0,e-,0,Target,-1
981,1,0,e-,0.938238,Target,-1
981,1,0,e-,0.914351,Target,-1
981,1,0,e-,0.892023,Target,-1
981,1,0,e-,0.844272,Target,-1
981,1,0,e-,0.797069,Target,-1
981,1,0,e-,0.720474,Target,-1
981,1,0,e-,0.602894,Target,-1
981,1,0,e-,0.58306,Target,-1
981,1,0,e-,0.505627,Target,-1
981,1,0,e-,0.457333,Target,-1
981,1,0,e-,0.438653,Target,-1
981,1,0,e-,0.403553,Target,-1
981,1,0,e-,0.383846,Target,-1
981,1,0,e-,0.360295,Target,-1
981,1,0,e-,0.317538,Target,-1
981,1,0,e-,0.3171,Target,-1
981,2,1,e-,0,Target,-1
982,1,0,e-,0.932258,Target,-1
982,1,0,e-,0.906791,Target,-1
982,1,0,e-,0.744182,Target,-1
982,1,0,e-,0.72042,Target,-1
982,1,0,e-,0.668736,Target,-1
982,1,0,e-,0.612799,Target,-1
982,1,0,e-,0.583645,Target,-1
982,1,0,e-,0.544962,Target,-1
982,1,0,e-,0.515225,Target,-1
982,1,0,e-,0.510048,Target,-1
982,2,1,e-,0,Target,-1
983,1,0,e-,0.917593,Target,-1
983,1,0,e-,0.893958,Target,-1
983,1,0,e-,0.855652,Target,-1
983,1,0,e-,0.82856,Target,-1
983,1,0,e-,0.804492,Target,-1
983,1,0,e-,0.791879,Target,-1
983,1,0,e-,0.791879,Detector,1
984,1,0,e-,0.960256,Target,-1
984,1,0,e-,0.920101,Target,-1
984,1,0,e-,0.901509,Target,-1
984,1,0,e-,0.843361,Target,-1
984,1,0,e-,0.798303,Target,-1
984,1,0,e-,0.756477,Target,-1
984,1,0,e-,0.713201,Target,-1
984,1,0,e-,0.688329,Target,-1
984,1,0,e-,0.661097,Target,-1
984,1,0,e-,0.621106,Target,-1
984,1,0,e-,0.598112,Target,-1
984,1,0,e-,0.574394,Target,-1
984,1,0,e-,0.549645,Target,-1
984,1,0,e-,0.514281,Target,-1
984,1,0,e-,0.483068,Target,-1
984,1,0,e-,0.459719,Target,-1
984,1,0,e-,0.379854,Target,-1
984,1,0,e-,0.352582,Target,-1
984,1,0,e-,0.202795,Target,-1
984,1,0,e-,0,Target,-1
984,2,1,e-,0,Target,-1
985,1,0,e-,0.964948,Target,-1
985,1,0,e-,0.737427,Target,-1
985,1,0,e-,0.68146,Target,-1
985,1,0,e-,0.648088,Target,-1
985,1,0,e-,0.648075,Target,-1
985,1,0,e-,0.648075,Detector,1
985,3,1,gamma,0,Target,-1
985,4,3,e-,0,Target,-1
985,2,1,gamma,0.179877,Target,-1
985,2,1,gamma,0.179877,Detector,1
986,1,0,e-,0.957748,Target,-1
986,1,0,e-,0.921622,Target,-1
986,1,0,e-,0.890743,Target,-1
986,1,0,e-,0.836783,Target,-1
986,1,0,e-,0.757997,Target,-1
986,1,0,e-,0.728779,Target,-1
986,1,0,e-,0.684669,Target,-1
986,1,0,e-,0.66252,Target,-1
986,1,0,e-,0.609483,Target,-1
986,1,0,e-,0.56736,Target,-1
986,1,0,e-,0.525035,Target,-1
986,1,0,e-,0.482044,Target,-1
986,1,0,e-,0.452176,Target,-1
986,1,0,e-,0.421447,Target,-1
986,1,0,e-,0.387985,Target,-1
986,1,0,e-,0.328023,Target,-1
986,1,0,e-,0.272967,Target,-1
986,1,0,e-,0.195593,Target,-1
986,1,0,e-,0,Target,-1
986,3,1,gamma,0,Target,-1
986,4,3,e-,0,Target,-1
986,2,1,gamma,0,Target,-1
986,5,2,e-,0,Target,-1
987,1,0,e-,0.959674,Target,-1
987,1,0,e-,0.92835,Target,-1
987,1,0,e-,0.91061,Target,-1
987,1,0,e-,0.879716,Target,-1
987,1,0,e-,0.82326,Target,-1
987,1,0,e-,0.822094,Target,-1
987,1,0,e-,0.822094,Detector,1
988,1,0,e-,0.980807,Target,-1
988,1,0,e-,0.926476,Target,-1
988,1,0,e-,0.903439,Target,-1
988,1,0,e-,0.867205,Target,-1
988,1,0,e-,0.843305,Target,-1
988,1,0,e-,0.843305,Detector,1
988,3,1,gamma,0,Target,-1
988,4,3,e-,0,Target,-1
988,2,1,gamma,0,Target,-1
988,5,2,e-,0,Target,-1
989,1,0,e-,0.968958,Target,-1
989,1,0,e-,0.943671,Target,-1
989,1,0,e-,0.898224,Target,-1
989,1,0,e-,0.870293,Target,-1
989,1,0,e-,0.838117,Target,-1
989,1,0,e-,0.779197,Target,-1
989,1,0,e-,0.742888,Target,-1
989,1,0,e-,0.700219,Target,-1
989,1,0,e-,0.569023,Target,-1
989,1,0,e-,0.530841,Target,-1
989,1,0,e-,0.498774,Target,-1
989,1,0,e-,0.448611,Target,-1
989,1,0,e-,0.422884,Target,-1
989,1,0,e-,0.374556,Target,-1
989,1,0,e-,0.333443,Target,-1
989,1,0,e-,0.272552,Target,-1
989,1,0,e-,0.241817,Target,-1
989,1,0,e-,0.236128,Target,-1
990,1,0,e-,0.953264,Target,-1
990,1,0,e-,0.923714,Target,-1
990,1,0,e-,0.876876,Target,-1
990,1,0,e-,0.852397,Target,-1
990,1,0,e-,0.841897,Target,-1
990,1,0,e-,0.816773,Target,-1
990,1,0,e-,0.776093,Target,-1
990,1,0,e-,0.732454,Target,-1
990,1,0,e-,0.699041,Target,-1
990,1,0,e-,0.579848,Target,-1
990,1,0,e-,0.550655,Target,-1
990,1,0,e-,0.50916,Target,-1
990,1,0,e-,0.50645,Target,-1
990,1,0,e-,0.50645,Detector,1
990,2,1,e-,0,Target,-1
991,1,0,e-,0.958386,Target,-1
991,1,0,e-,0.933287,Target,-1
991,1,0,e-,0.908038,Target,-1
991,1,0,e-,0.87093,Target,-1
991,1,0,e-,0.848009,Target,-1
991,1,0,e-,0.848009,Detector,1
